,Unnamed: 0,R1 (L0|L1),R2 (L1|L2),R3 (L2|L3),R4 (L3|L4),R5 (L4|L5),R6 (L5|L6),R7 (L6|L7),R8 (L7|L8),R9 (L8|L9),R10 (L9|L10),R11 (L10|L11),R12 (L11|L12),R13 (L12|L13),R14 (L13|L14),R15 (L14|L15),Unnamed: 16,page1
0,WL0Frame0,124,220,154,,,,,,,,,,,,,,344
1,WL1Frame0,185,166,146,,,,,,,,,,,,,,351
2,WL2Frame0,135,246,125,,,,,,,,,,,,,,381
3,WL3Frame0,223,160,133,,,,,,,,,,,,,,383
4,WL4Frame0,44,76,92,112.0,73.0,122.0,95.0,126.0,199.0,167.0,83.0,47.0,61.0,81.0,72.0,,120
5,WL5Frame0,40,86,96,89.0,63.0,91.0,95.0,105.0,200.0,142.0,77.0,62.0,64.0,72.0,78.0,,126
6,WL6Frame0,39,69,70,93.0,70.0,113.0,90.0,117.0,209.0,156.0,98.0,67.0,63.0,69.0,69.0,,108
7,WL7Frame0,35,64,89,78.0,71.0,88.0,90.0,126.0,190.0,153.0,76.0,65.0,58.0,80.0,62.0,,99
8,WL8Frame0,33,68,82,111.0,76.0,114.0,125.0,155.0,213.0,188.0,64.0,79.0,66.0,85.0,80.0,,101
9,WL9Frame0,42,72,82,103.0,70.0,106.0,98.0,135.0,202.0,232.0,89.0,83.0,60.0,79.0,51.0,,114
10,WL10Frame0,29,56,84,87.0,81.0,105.0,89.0,134.0,197.0,184.0,70.0,73.0,52.0,84.0,55.0,,85
11,WL11Frame0,36,74,90,76.0,92.0,89.0,88.0,133.0,184.0,151.0,64.0,65.0,61.0,86.0,57.0,,110
12,WL12Frame0,36,91,102,82.0,84.0,105.0,120.0,125.0,203.0,172.0,79.0,64.0,57.0,56.0,54.0,,127
13,WL13Frame0,29,80,92,96.0,93.0,125.0,109.0,110.0,189.0,188.0,79.0,54.0,71.0,82.0,60.0,,109
14,WL14Frame0,43,74,88,81.0,58.0,94.0,82.0,119.0,171.0,164.0,82.0,65.0,74.0,66.0,60.0,,117
15,WL15Frame0,42,66,91,89.0,75.0,87.0,83.0,97.0,219.0,155.0,64.0,73.0,67.0,53.0,38.0,,108
16,WL16Frame0,45,76,83,119.0,71.0,125.0,104.0,139.0,179.0,222.0,81.0,65.0,52.0,64.0,65.0,,121
17,WL17Frame0,41,65,99,93.0,76.0,95.0,111.0,122.0,178.0,209.0,65.0,63.0,54.0,70.0,48.0,,106
18,WL18Frame0,37,64,75,100.0,66.0,92.0,93.0,125.0,189.0,182.0,77.0,62.0,63.0,71.0,47.0,,101
19,WL19Frame0,39,59,90,77.0,57.0,82.0,76.0,105.0,182.0,160.0,64.0,60.0,58.0,71.0,58.0,,98
20,WL20Frame0,51,84,84,97.0,90.0,109.0,112.0,114.0,171.0,197.0,71.0,79.0,52.0,67.0,51.0,,135
21,WL21Frame0,39,90,103,107.0,89.0,98.0,88.0,143.0,197.0,187.0,78.0,71.0,65.0,58.0,57.0,,129
22,WL22Frame0,29,87,85,71.0,66.0,110.0,89.0,129.0,195.0,177.0,76.0,77.0,72.0,60.0,64.0,,116
23,WL23Frame0,37,100,93,96.0,87.0,101.0,106.0,117.0,182.0,177.0,60.0,65.0,60.0,75.0,56.0,,137
24,WL24Frame0,48,111,89,120.0,93.0,107.0,115.0,129.0,197.0,280.0,75.0,80.0,66.0,70.0,62.0,,159
25,WL25Frame0,32,92,81,120.0,93.0,120.0,135.0,90.0,204.0,238.0,68.0,74.0,71.0,74.0,62.0,,124
26,WL26Frame0,43,109,98,79.0,82.0,96.0,85.0,125.0,181.0,249.0,71.0,63.0,56.0,56.0,64.0,,152
27,WL27Frame0,39,91,104,91.0,72.0,101.0,95.0,114.0,230.0,235.0,73.0,56.0,57.0,61.0,48.0,,130
28,WL28Frame0,41,80,74,116.0,75.0,122.0,103.0,107.0,200.0,314.0,77.0,80.0,54.0,82.0,53.0,,121
29,WL29Frame0,33,79,77,93.0,89.0,90.0,123.0,109.0,206.0,272.0,86.0,79.0,70.0,62.0,63.0,,112
30,WL30Frame0,27,84,67,92.0,81.0,99.0,109.0,112.0,196.0,275.0,77.0,65.0,65.0,70.0,75.0,,111
31,WL31Frame0,46,71,83,87.0,86.0,110.0,87.0,98.0,185.0,217.0,65.0,73.0,80.0,64.0,64.0,,117
32,WL32Frame0,36,71,91,96.0,90.0,114.0,111.0,110.0,215.0,247.0,71.0,64.0,60.0,68.0,74.0,,107
33,WL33Frame0,36,81,84,98.0,72.0,100.0,110.0,120.0,174.0,262.0,96.0,70.0,58.0,67.0,71.0,,117
34,WL34Frame0,44,67,85,93.0,75.0,83.0,110.0,87.0,166.0,233.0,73.0,71.0,62.0,70.0,66.0,,111
35,WL35Frame0,33,75,59,96.0,80.0,84.0,98.0,107.0,208.0,224.0,90.0,60.0,56.0,60.0,60.0,,108
36,WL36Frame0,33,72,103,109.0,67.0,117.0,114.0,136.0,189.0,254.0,71.0,84.0,63.0,68.0,52.0,,105
37,WL37Frame0,34,87,76,89.0,72.0,85.0,129.0,143.0,201.0,273.0,78.0,74.0,62.0,68.0,56.0,,121
38,WL38Frame0,41,71,93,96.0,71.0,89.0,113.0,90.0,165.0,247.0,72.0,64.0,60.0,63.0,54.0,,112
39,WL39Frame0,48,80,72,107.0,79.0,96.0,106.0,96.0,189.0,221.0,80.0,67.0,68.0,62.0,51.0,,128
40,WL40Frame0,37,78,80,102.0,76.0,94.0,101.0,111.0,199.0,320.0,72.0,67.0,53.0,59.0,75.0,,115
41,WL41Frame0,34,72,79,82.0,78.0,96.0,107.0,101.0,182.0,303.0,70.0,69.0,46.0,60.0,50.0,,106
42,WL42Frame0,41,68,87,90.0,76.0,89.0,102.0,97.0,169.0,209.0,58.0,67.0,61.0,64.0,72.0,,109
43,WL43Frame0,25,77,82,93.0,88.0,87.0,78.0,105.0,186.0,197.0,66.0,60.0,72.0,59.0,49.0,,102
44,WL44Frame0,39,77,82,101.0,91.0,101.0,102.0,127.0,195.0,236.0,80.0,76.0,60.0,61.0,51.0,,116
45,WL45Frame0,38,87,75,101.0,77.0,102.0,105.0,108.0,217.0,234.0,81.0,67.0,49.0,74.0,64.0,,125
46,WL46Frame0,28,81,57,89.0,58.0,86.0,107.0,97.0,173.0,243.0,73.0,68.0,53.0,52.0,44.0,,109
47,WL47Frame0,50,58,78,78.0,85.0,74.0,96.0,84.0,183.0,208.0,75.0,65.0,47.0,52.0,63.0,,108
48,WL48Frame0,49,86,79,100.0,78.0,95.0,96.0,125.0,195.0,248.0,75.0,69.0,65.0,62.0,66.0,,135
49,WL49Frame0,34,70,74,90.0,72.0,84.0,100.0,104.0,157.0,243.0,80.0,56.0,61.0,80.0,65.0,,104
50,WL50Frame0,37,70,71,91.0,57.0,84.0,91.0,91.0,174.0,212.0,73.0,58.0,53.0,54.0,52.0,,107
51,WL51Frame0,34,76,61,84.0,70.0,99.0,90.0,91.0,171.0,209.0,70.0,65.0,59.0,62.0,74.0,,110
52,WL52Frame0,41,72,77,93.0,71.0,102.0,115.0,104.0,197.0,261.0,60.0,64.0,47.0,67.0,70.0,,113
53,WL53Frame0,36,82,71,92.0,85.0,94.0,102.0,87.0,186.0,211.0,75.0,71.0,51.0,59.0,63.0,,118
54,WL54Frame0,46,73,82,72.0,63.0,69.0,93.0,86.0,173.0,211.0,74.0,64.0,53.0,57.0,49.0,,119
55,WL55Frame0,30,71,71,80.0,73.0,72.0,104.0,80.0,172.0,226.0,82.0,76.0,57.0,60.0,47.0,,101
56,WL56Frame0,49,77,76,94.0,85.0,113.0,107.0,110.0,185.0,250.0,82.0,69.0,66.0,51.0,48.0,,126
57,WL57Frame0,25,76,85,90.0,76.0,96.0,108.0,99.0,198.0,193.0,68.0,53.0,64.0,55.0,53.0,,101
58,WL58Frame0,41,70,70,88.0,58.0,72.0,99.0,86.0,172.0,214.0,79.0,66.0,51.0,47.0,58.0,,111
59,WL59Frame0,33,71,85,82.0,60.0,92.0,83.0,80.0,174.0,187.0,70.0,67.0,59.0,50.0,64.0,,104
60,WL60Frame0,32,55,68,105.0,93.0,91.0,118.0,120.0,193.0,237.0,82.0,48.0,64.0,81.0,64.0,,87
61,WL61Frame0,31,67,69,89.0,66.0,83.0,93.0,125.0,181.0,199.0,65.0,73.0,75.0,57.0,59.0,,98
62,WL62Frame0,37,63,67,77.0,63.0,73.0,83.0,101.0,199.0,170.0,64.0,56.0,65.0,57.0,48.0,,100
63,WL63Frame0,46,64,78,64.0,69.0,88.0,88.0,68.0,168.0,214.0,78.0,62.0,60.0,70.0,58.0,,110
64,WL64Frame0,36,66,84,78.0,68.0,90.0,111.0,92.0,168.0,209.0,77.0,62.0,63.0,55.0,54.0,,102
65,WL65Frame0,36,67,71,93.0,77.0,68.0,99.0,96.0,167.0,217.0,73.0,72.0,54.0,53.0,66.0,,103
66,WL66Frame0,44,75,57,84.0,63.0,87.0,76.0,89.0,168.0,177.0,77.0,65.0,56.0,67.0,45.0,,119
67,WL67Frame0,31,76,63,74.0,58.0,91.0,83.0,101.0,171.0,212.0,61.0,65.0,75.0,51.0,54.0,,107
68,WL68Frame0,30,73,65,93.0,81.0,85.0,101.0,88.0,184.0,256.0,69.0,72.0,49.0,57.0,48.0,,103
69,WL69Frame0,30,76,86,92.0,71.0,74.0,106.0,105.0,179.0,216.0,65.0,66.0,54.0,52.0,58.0,,106
70,WL70Frame0,28,67,67,88.0,85.0,79.0,89.0,90.0,167.0,204.0,52.0,70.0,54.0,70.0,39.0,,95
71,WL71Frame0,36,62,85,77.0,70.0,83.0,86.0,84.0,171.0,167.0,48.0,70.0,59.0,60.0,62.0,,98
72,WL72Frame0,45,80,78,108.0,87.0,86.0,101.0,116.0,174.0,243.0,69.0,52.0,56.0,61.0,56.0,,125
73,WL73Frame0,44,78,56,87.0,60.0,74.0,100.0,101.0,165.0,235.0,64.0,63.0,60.0,60.0,59.0,,122
74,WL74Frame0,41,72,69,91.0,76.0,85.0,83.0,73.0,173.0,219.0,69.0,55.0,50.0,58.0,52.0,,113
75,WL75Frame0,34,89,58,63.0,61.0,89.0,76.0,85.0,154.0,197.0,68.0,49.0,53.0,65.0,66.0,,123
76,WL76Frame0,44,60,72,108.0,71.0,99.0,93.0,117.0,181.0,250.0,62.0,64.0,67.0,57.0,57.0,,104
77,WL77Frame0,43,69,72,86.0,90.0,87.0,105.0,110.0,184.0,201.0,70.0,55.0,56.0,66.0,48.0,,112
78,WL78Frame0,30,65,73,67.0,95.0,75.0,65.0,100.0,198.0,192.0,58.0,73.0,65.0,66.0,53.0,,95
79,WL79Frame0,37,67,67,78.0,61.0,79.0,81.0,94.0,168.0,203.0,67.0,49.0,62.0,71.0,70.0,,104
80,WL80Frame0,45,90,85,91.0,62.0,91.0,107.0,118.0,178.0,209.0,77.0,58.0,60.0,56.0,54.0,,135
81,WL81Frame0,33,61,79,81.0,95.0,88.0,89.0,104.0,164.0,204.0,62.0,50.0,41.0,65.0,53.0,,94
82,WL82Frame0,34,70,71,81.0,67.0,77.0,70.0,81.0,164.0,158.0,69.0,74.0,63.0,65.0,48.0,,104
83,WL83Frame0,30,73,65,71.0,77.0,82.0,85.0,90.0,169.0,188.0,68.0,59.0,67.0,54.0,58.0,,103
84,WL84Frame0,52,65,72,90.0,75.0,92.0,110.0,99.0,171.0,216.0,71.0,73.0,64.0,50.0,67.0,,117
85,WL85Frame0,31,79,57,75.0,86.0,74.0,95.0,107.0,173.0,193.0,65.0,65.0,66.0,59.0,36.0,,110
86,WL86Frame0,39,75,51,60.0,68.0,82.0,90.0,99.0,173.0,179.0,61.0,56.0,48.0,44.0,52.0,,114
87,WL87Frame0,25,57,66,69.0,62.0,67.0,72.0,108.0,180.0,180.0,57.0,60.0,81.0,47.0,62.0,,82
88,WL88Frame0,41,78,64,112.0,66.0,85.0,104.0,111.0,186.0,201.0,69.0,57.0,56.0,41.0,59.0,,119
89,WL89Frame0,32,68,63,90.0,66.0,86.0,81.0,105.0,193.0,172.0,53.0,62.0,43.0,51.0,67.0,,100
90,WL90Frame0,26,70,71,60.0,64.0,79.0,80.0,113.0,160.0,160.0,57.0,62.0,54.0,60.0,49.0,,96
91,WL91Frame0,37,59,75,64.0,62.0,81.0,77.0,92.0,161.0,168.0,61.0,63.0,51.0,67.0,46.0,,96
92,WL92Frame0,33,74,63,86.0,89.0,105.0,95.0,95.0,170.0,211.0,76.0,44.0,53.0,54.0,52.0,,107
93,WL93Frame0,42,79,76,73.0,86.0,78.0,97.0,117.0,143.0,201.0,65.0,60.0,56.0,53.0,52.0,,121
94,WL94Frame0,36,67,60,71.0,75.0,67.0,86.0,84.0,174.0,182.0,53.0,45.0,54.0,60.0,51.0,,103
95,WL95Frame0,38,79,59,87.0,68.0,72.0,94.0,82.0,181.0,149.0,57.0,61.0,44.0,59.0,50.0,,117
96,WL96Frame0,33,80,64,98.0,84.0,88.0,89.0,99.0,156.0,208.0,73.0,72.0,58.0,56.0,50.0,,113
97,WL97Frame0,36,71,69,63.0,62.0,79.0,91.0,74.0,165.0,181.0,63.0,64.0,49.0,59.0,42.0,,107
98,WL98Frame0,37,66,72,79.0,59.0,75.0,74.0,87.0,147.0,171.0,62.0,55.0,58.0,67.0,57.0,,103
99,WL99Frame0,38,61,53,61.0,55.0,75.0,78.0,97.0,148.0,174.0,71.0,72.0,48.0,63.0,46.0,,99
100,WL100Frame0,33,70,87,104.0,82.0,97.0,112.0,86.0,175.0,211.0,50.0,60.0,53.0,58.0,61.0,,103
101,WL101Frame0,40,56,73,72.0,67.0,91.0,84.0,85.0,166.0,169.0,67.0,55.0,62.0,51.0,64.0,,96
102,WL102Frame0,48,56,57,68.0,90.0,62.0,71.0,84.0,163.0,166.0,62.0,60.0,52.0,49.0,53.0,,104
103,WL103Frame0,45,53,48,61.0,65.0,75.0,83.0,57.0,176.0,149.0,73.0,58.0,54.0,65.0,53.0,,98
104,WL104Frame0,34,71,64,92.0,82.0,99.0,93.0,72.0,158.0,199.0,81.0,67.0,59.0,59.0,56.0,,105
105,WL105Frame0,41,52,63,83.0,78.0,86.0,90.0,71.0,177.0,168.0,67.0,64.0,67.0,72.0,55.0,,93
106,WL106Frame0,35,67,57,71.0,63.0,80.0,75.0,90.0,167.0,189.0,61.0,65.0,51.0,60.0,51.0,,102
107,WL107Frame0,31,56,63,54.0,52.0,64.0,78.0,68.0,173.0,174.0,61.0,64.0,61.0,77.0,55.0,,87
108,WL108Frame0,45,66,87,80.0,61.0,72.0,91.0,105.0,163.0,162.0,80.0,55.0,58.0,58.0,52.0,,111
109,WL109Frame0,35,72,45,67.0,65.0,65.0,99.0,89.0,166.0,199.0,74.0,59.0,58.0,56.0,50.0,,107
110,WL110Frame0,37,65,79,77.0,46.0,67.0,80.0,74.0,159.0,136.0,45.0,61.0,46.0,46.0,60.0,,102
111,WL111Frame0,41,59,74,66.0,64.0,66.0,94.0,58.0,165.0,144.0,62.0,45.0,59.0,65.0,45.0,,100
112,WL112Frame0,32,66,69,62.0,83.0,91.0,84.0,87.0,172.0,206.0,79.0,75.0,48.0,45.0,55.0,,98
113,WL113Frame0,38,72,50,65.0,77.0,69.0,91.0,87.0,156.0,186.0,70.0,59.0,64.0,53.0,62.0,,110
114,WL114Frame0,49,78,60,68.0,60.0,81.0,77.0,80.0,169.0,175.0,55.0,58.0,46.0,53.0,52.0,,127
115,WL115Frame0,32,71,72,55.0,77.0,72.0,77.0,71.0,178.0,160.0,62.0,63.0,73.0,41.0,63.0,,103
116,WL116Frame0,39,65,80,98.0,69.0,90.0,108.0,90.0,162.0,167.0,57.0,48.0,62.0,44.0,44.0,,104
117,WL117Frame0,33,76,68,77.0,74.0,84.0,70.0,83.0,183.0,164.0,66.0,40.0,66.0,61.0,45.0,,109
118,WL118Frame0,36,67,67,63.0,68.0,74.0,70.0,76.0,177.0,168.0,56.0,49.0,49.0,48.0,62.0,,103
119,WL119Frame0,32,82,59,58.0,65.0,68.0,71.0,79.0,182.0,187.0,59.0,50.0,51.0,65.0,54.0,,114
120,WL120Frame0,46,53,61,88.0,74.0,92.0,105.0,86.0,171.0,190.0,59.0,52.0,57.0,50.0,54.0,,99
121,WL121Frame0,41,80,58,86.0,58.0,65.0,72.0,88.0,148.0,197.0,56.0,61.0,58.0,57.0,51.0,,121
122,WL122Frame0,37,65,54,83.0,67.0,69.0,88.0,68.0,145.0,170.0,58.0,52.0,50.0,46.0,50.0,,102
123,WL123Frame0,37,60,58,60.0,58.0,68.0,62.0,84.0,146.0,169.0,60.0,61.0,61.0,58.0,58.0,,97
124,WL124Frame0,34,78,62,96.0,63.0,76.0,93.0,109.0,189.0,160.0,60.0,59.0,54.0,52.0,45.0,,112
125,WL125Frame0,26,71,54,74.0,73.0,64.0,84.0,81.0,167.0,207.0,67.0,57.0,55.0,45.0,40.0,,97
126,WL126Frame0,39,77,61,63.0,61.0,83.0,86.0,80.0,161.0,142.0,49.0,50.0,54.0,50.0,51.0,,116
127,WL127Frame0,34,50,54,68.0,59.0,79.0,76.0,76.0,158.0,162.0,68.0,66.0,45.0,55.0,52.0,,84
128,WL128Frame0,40,89,78,92.0,62.0,78.0,96.0,85.0,174.0,205.0,69.0,49.0,67.0,62.0,52.0,,129
129,WL129Frame0,42,73,62,69.0,61.0,68.0,88.0,88.0,173.0,199.0,81.0,71.0,50.0,54.0,55.0,,115
130,WL130Frame0,42,88,68,68.0,65.0,63.0,75.0,79.0,155.0,164.0,50.0,60.0,64.0,56.0,50.0,,130
131,WL131Frame0,37,82,66,76.0,61.0,68.0,57.0,70.0,170.0,156.0,70.0,63.0,58.0,43.0,53.0,,119
132,WL132Frame0,45,74,68,79.0,75.0,91.0,91.0,91.0,178.0,197.0,69.0,40.0,58.0,56.0,48.0,,119
133,WL133Frame0,46,68,60,67.0,64.0,81.0,85.0,76.0,173.0,193.0,55.0,66.0,54.0,57.0,46.0,,114
134,WL134Frame0,35,67,55,59.0,59.0,83.0,84.0,90.0,156.0,152.0,51.0,56.0,52.0,66.0,55.0,,102
135,WL135Frame0,41,55,63,68.0,58.0,73.0,76.0,85.0,181.0,171.0,61.0,60.0,46.0,51.0,56.0,,96
136,WL136Frame0,43,87,70,62.0,64.0,85.0,97.0,107.0,179.0,201.0,59.0,55.0,49.0,54.0,38.0,,130
137,WL137Frame0,30,64,60,62.0,69.0,82.0,88.0,98.0,184.0,226.0,70.0,47.0,57.0,56.0,53.0,,94
138,WL138Frame0,31,62,79,60.0,60.0,83.0,89.0,100.0,182.0,142.0,60.0,56.0,50.0,56.0,63.0,,93
139,WL139Frame0,46,60,60,57.0,65.0,57.0,72.0,91.0,143.0,179.0,64.0,74.0,54.0,60.0,52.0,,106
140,WL140Frame0,38,71,73,109.0,86.0,82.0,109.0,114.0,179.0,242.0,69.0,65.0,60.0,50.0,39.0,,109
141,WL141Frame0,38,61,73,70.0,72.0,78.0,93.0,112.0,172.0,184.0,50.0,54.0,70.0,65.0,50.0,,99
142,WL142Frame0,36,55,70,69.0,69.0,70.0,95.0,102.0,167.0,170.0,60.0,72.0,41.0,60.0,63.0,,91
143,WL143Frame0,35,62,68,74.0,66.0,67.0,86.0,96.0,167.0,173.0,68.0,59.0,54.0,54.0,71.0,,97
144,WL144Frame0,31,87,64,74.0,74.0,81.0,94.0,125.0,162.0,239.0,67.0,47.0,69.0,56.0,63.0,,118
145,WL145Frame0,34,72,77,68.0,78.0,89.0,96.0,104.0,199.0,205.0,61.0,64.0,51.0,56.0,46.0,,106
146,WL146Frame0,45,67,56,65.0,65.0,70.0,89.0,77.0,165.0,186.0,75.0,69.0,53.0,53.0,57.0,,112
147,WL147Frame0,43,79,52,68.0,54.0,69.0,69.0,73.0,202.0,151.0,76.0,57.0,61.0,62.0,44.0,,122
148,WL148Frame0,38,72,56,75.0,61.0,76.0,96.0,102.0,160.0,274.0,57.0,61.0,53.0,69.0,66.0,,110
149,WL149Frame0,31,71,78,72.0,68.0,63.0,97.0,100.0,158.0,203.0,68.0,59.0,60.0,71.0,51.0,,102
150,WL150Frame0,45,64,49,59.0,77.0,61.0,102.0,94.0,176.0,207.0,67.0,56.0,63.0,52.0,57.0,,109
151,WL151Frame0,36,53,61,64.0,69.0,89.0,94.0,88.0,190.0,162.0,53.0,55.0,57.0,58.0,75.0,,89
152,WL152Frame0,33,69,73,84.0,70.0,105.0,101.0,105.0,176.0,232.0,84.0,72.0,60.0,44.0,47.0,,102
153,WL153Frame0,43,62,63,75.0,79.0,88.0,98.0,111.0,182.0,184.0,53.0,48.0,61.0,69.0,38.0,,105
154,WL154Frame0,33,67,72,77.0,57.0,79.0,99.0,93.0,157.0,228.0,56.0,58.0,53.0,60.0,52.0,,100
155,WL155Frame0,41,61,66,78.0,69.0,63.0,81.0,94.0,176.0,174.0,64.0,53.0,50.0,71.0,44.0,,102
156,WL156Frame0,40,61,88,96.0,81.0,119.0,97.0,101.0,175.0,222.0,79.0,67.0,53.0,68.0,36.0,,101
157,WL157Frame0,29,76,76,75.0,74.0,88.0,98.0,72.0,183.0,223.0,69.0,66.0,58.0,72.0,61.0,,105
158,WL158Frame0,38,63,60,77.0,66.0,75.0,76.0,100.0,174.0,241.0,64.0,71.0,49.0,57.0,50.0,,101
159,WL159Frame0,36,69,76,57.0,66.0,88.0,71.0,95.0,140.0,192.0,60.0,53.0,71.0,66.0,58.0,,105
160,WL160Frame0,36,88,77,88.0,70.0,78.0,98.0,107.0,173.0,270.0,59.0,67.0,53.0,57.0,59.0,,124
161,WL161Frame0,39,69,81,59.0,80.0,67.0,108.0,101.0,203.0,183.0,80.0,75.0,50.0,67.0,52.0,,108
162,WL162Frame0,36,73,68,79.0,67.0,77.0,93.0,93.0,160.0,174.0,62.0,64.0,55.0,50.0,57.0,,109
163,WL163Frame0,34,68,59,72.0,71.0,75.0,86.0,90.0,162.0,184.0,76.0,57.0,50.0,61.0,52.0,,102
164,WL164Frame0,54,77,74,96.0,69.0,112.0,104.0,108.0,171.0,267.0,67.0,67.0,46.0,61.0,67.0,,131
165,WL165Frame0,44,70,59,74.0,67.0,74.0,96.0,102.0,188.0,206.0,66.0,66.0,68.0,51.0,49.0,,114
166,WL166Frame0,26,72,65,73.0,70.0,74.0,81.0,92.0,149.0,209.0,90.0,48.0,68.0,64.0,72.0,,98
167,WL167Frame0,37,68,63,87.0,59.0,74.0,76.0,81.0,160.0,179.0,66.0,66.0,57.0,63.0,45.0,,105
168,WL168Frame0,43,68,68,79.0,92.0,88.0,99.0,109.0,191.0,226.0,82.0,49.0,49.0,66.0,42.0,,111
169,WL169Frame0,36,57,62,82.0,93.0,75.0,105.0,104.0,168.0,211.0,74.0,82.0,57.0,69.0,55.0,,93
170,WL170Frame0,39,72,62,74.0,63.0,82.0,89.0,97.0,160.0,175.0,69.0,63.0,71.0,58.0,51.0,,111
171,WL171Frame0,37,65,70,62.0,64.0,72.0,88.0,77.0,184.0,211.0,80.0,62.0,63.0,67.0,51.0,,102
172,WL172Frame0,36,67,71,89.0,73.0,83.0,107.0,111.0,210.0,231.0,81.0,51.0,70.0,57.0,74.0,,103
173,WL173Frame0,25,57,61,68.0,81.0,88.0,123.0,107.0,165.0,236.0,65.0,66.0,65.0,66.0,55.0,,82
174,WL174Frame0,24,62,79,92.0,66.0,76.0,92.0,111.0,176.0,194.0,65.0,62.0,58.0,72.0,63.0,,86
175,WL175Frame0,32,61,60,76.0,61.0,72.0,98.0,108.0,196.0,177.0,74.0,56.0,60.0,43.0,63.0,,93
176,WL176Frame0,32,92,111,85.0,81.0,115.0,138.0,144.0,190.0,255.0,70.0,101.0,72.0,71.0,61.0,,124
177,WL177Frame0,35,72,75,69.0,78.0,111.0,120.0,127.0,180.0,196.0,81.0,116.0,82.0,57.0,75.0,,107
178,WL178Frame0,37,57,81,66.0,64.0,103.0,101.0,120.0,154.0,185.0,66.0,93.0,74.0,66.0,61.0,,94
179,WL179Frame0,36,60,69,75.0,69.0,88.0,103.0,114.0,170.0,166.0,58.0,105.0,73.0,65.0,50.0,,96
180,WL180Frame0,38,61,64,65.0,75.0,142.0,138.0,144.0,206.0,233.0,82.0,108.0,72.0,87.0,78.0,,99
181,WL181Frame0,43,67,76,57.0,84.0,120.0,129.0,155.0,181.0,192.0,61.0,74.0,75.0,71.0,63.0,,110
182,WL182Frame0,41,67,64,72.0,77.0,104.0,99.0,136.0,190.0,201.0,68.0,79.0,65.0,64.0,64.0,,108
183,WL183Frame0,37,66,72,69.0,62.0,97.0,104.0,94.0,166.0,156.0,77.0,109.0,77.0,60.0,62.0,,103
184,WL184Frame0,32,61,66,83.0,81.0,141.0,128.0,136.0,191.0,235.0,70.0,102.0,91.0,73.0,65.0,,93
185,WL185Frame0,33,66,71,74.0,80.0,95.0,108.0,124.0,175.0,244.0,73.0,109.0,89.0,76.0,69.0,,99
186,WL186Frame0,33,67,62,70.0,85.0,108.0,85.0,134.0,170.0,188.0,53.0,88.0,67.0,70.0,56.0,,100
187,WL187Frame0,47,77,55,54.0,68.0,86.0,97.0,131.0,176.0,173.0,64.0,92.0,79.0,59.0,67.0,,124
188,WL188Frame0,28,74,63,77.0,78.0,134.0,135.0,155.0,171.0,249.0,78.0,97.0,56.0,55.0,56.0,,102
189,WL189Frame0,37,56,88,64.0,92.0,115.0,127.0,131.0,191.0,204.0,77.0,92.0,79.0,71.0,45.0,,93
190,WL190Frame0,43,44,54,77.0,84.0,114.0,97.0,142.0,197.0,174.0,71.0,75.0,72.0,77.0,45.0,,87
191,WL191Frame0,48,76,64,81.0,66.0,87.0,111.0,102.0,167.0,177.0,64.0,76.0,51.0,69.0,56.0,,124
192,WL192Frame0,29,76,76,89.0,83.0,121.0,121.0,139.0,173.0,252.0,78.0,83.0,68.0,66.0,67.0,,105
193,WL193Frame0,38,58,83,75.0,95.0,103.0,88.0,135.0,188.0,206.0,74.0,96.0,57.0,62.0,60.0,,96
194,WL194Frame0,46,70,68,61.0,70.0,91.0,97.0,105.0,168.0,195.0,74.0,80.0,65.0,55.0,49.0,,116
195,WL195Frame0,37,65,48,64.0,90.0,94.0,98.0,119.0,181.0,184.0,58.0,99.0,64.0,66.0,52.0,,102
196,WL196Frame0,28,73,76,75.0,88.0,112.0,125.0,156.0,180.0,209.0,80.0,94.0,73.0,74.0,53.0,,101
197,WL197Frame0,36,75,72,69.0,59.0,107.0,121.0,124.0,177.0,213.0,61.0,93.0,76.0,59.0,52.0,,111
198,WL198Frame0,37,67,72,84.0,63.0,115.0,85.0,123.0,168.0,204.0,77.0,69.0,66.0,67.0,55.0,,104
199,WL199Frame0,41,59,72,67.0,57.0,97.0,89.0,107.0,179.0,164.0,65.0,89.0,70.0,67.0,61.0,,100
200,WL200Frame0,41,89,63,77.0,80.0,98.0,109.0,144.0,192.0,243.0,76.0,86.0,82.0,78.0,55.0,,130
201,WL201Frame0,30,60,80,73.0,64.0,115.0,107.0,133.0,183.0,180.0,67.0,79.0,65.0,74.0,45.0,,90
202,WL202Frame0,35,49,69,67.0,83.0,92.0,113.0,115.0,165.0,197.0,69.0,91.0,55.0,61.0,55.0,,84
203,WL203Frame0,46,70,65,84.0,60.0,106.0,106.0,127.0,177.0,162.0,65.0,97.0,60.0,55.0,42.0,,116
204,WL204Frame0,30,78,69,89.0,83.0,109.0,112.0,150.0,188.0,232.0,75.0,102.0,77.0,63.0,51.0,,108
205,WL205Frame0,54,71,71,84.0,69.0,94.0,111.0,138.0,172.0,189.0,70.0,104.0,55.0,58.0,51.0,,125
206,WL206Frame0,33,61,63,69.0,56.0,90.0,88.0,115.0,181.0,187.0,71.0,77.0,74.0,75.0,57.0,,94
207,WL207Frame0,47,68,66,52.0,68.0,92.0,98.0,91.0,178.0,156.0,57.0,68.0,74.0,66.0,54.0,,115
208,WL208Frame0,38,104,101,80.0,86.0,138.0,123.0,142.0,168.0,233.0,95.0,99.0,66.0,63.0,55.0,,142
209,WL209Frame0,35,82,80,67.0,73.0,113.0,101.0,119.0,164.0,189.0,86.0,89.0,64.0,75.0,54.0,,117
210,WL210Frame0,41,85,79,61.0,74.0,101.0,94.0,117.0,173.0,169.0,62.0,80.0,81.0,73.0,62.0,,126
211,WL211Frame0,33,64,72,57.0,62.0,93.0,77.0,99.0,164.0,179.0,57.0,73.0,70.0,70.0,62.0,,97
212,WL212Frame0,40,67,81,77.0,89.0,121.0,92.0,117.0,163.0,224.0,81.0,95.0,70.0,56.0,56.0,,107
213,WL213Frame0,38,66,74,67.0,61.0,116.0,95.0,123.0,180.0,194.0,61.0,73.0,71.0,65.0,53.0,,104
214,WL214Frame0,49,64,64,66.0,68.0,80.0,85.0,134.0,142.0,216.0,60.0,73.0,67.0,69.0,62.0,,113
215,WL215Frame0,42,65,56,56.0,82.0,97.0,84.0,108.0,157.0,148.0,61.0,89.0,54.0,64.0,64.0,,107
216,WL216Frame0,38,65,67,84.0,79.0,125.0,104.0,137.0,183.0,195.0,71.0,77.0,60.0,61.0,54.0,,103
217,WL217Frame0,41,58,73,69.0,82.0,99.0,87.0,114.0,175.0,236.0,64.0,62.0,78.0,81.0,60.0,,99
218,WL218Frame0,23,61,75,66.0,55.0,92.0,103.0,111.0,172.0,192.0,66.0,91.0,66.0,60.0,53.0,,84
219,WL219Frame0,41,58,66,67.0,70.0,96.0,103.0,125.0,183.0,159.0,48.0,77.0,61.0,58.0,53.0,,99
220,WL220Frame0,33,71,66,69.0,78.0,114.0,111.0,130.0,184.0,210.0,86.0,88.0,61.0,70.0,58.0,,104
221,WL221Frame0,32,62,60,86.0,83.0,114.0,98.0,124.0,181.0,188.0,56.0,91.0,62.0,66.0,51.0,,94
222,WL222Frame0,34,61,62,72.0,70.0,86.0,95.0,95.0,190.0,197.0,58.0,72.0,58.0,62.0,50.0,,95
223,WL223Frame0,31,52,54,76.0,61.0,84.0,87.0,91.0,170.0,177.0,62.0,64.0,74.0,63.0,53.0,,83
224,WL224Frame0,52,83,74,85.0,84.0,119.0,91.0,121.0,184.0,210.0,77.0,80.0,75.0,54.0,53.0,,135
225,WL225Frame0,44,97,81,76.0,61.0,89.0,99.0,110.0,165.0,162.0,56.0,71.0,62.0,57.0,57.0,,141
226,WL226Frame0,31,60,62,79.0,64.0,94.0,90.0,101.0,160.0,181.0,68.0,87.0,69.0,62.0,53.0,,91
227,WL227Frame0,44,86,77,69.0,65.0,87.0,95.0,117.0,182.0,159.0,61.0,81.0,64.0,65.0,52.0,,130
228,WL228Frame0,37,67,86,68.0,76.0,106.0,96.0,143.0,175.0,172.0,70.0,100.0,66.0,68.0,54.0,,104
229,WL229Frame0,43,82,60,56.0,73.0,104.0,97.0,122.0,176.0,189.0,57.0,89.0,56.0,54.0,68.0,,125
230,WL230Frame0,39,55,71,67.0,60.0,92.0,88.0,112.0,187.0,147.0,72.0,56.0,67.0,67.0,46.0,,94
231,WL231Frame0,42,57,62,57.0,79.0,85.0,78.0,107.0,171.0,173.0,53.0,75.0,63.0,60.0,57.0,,99
232,WL232Frame0,34,67,70,63.0,66.0,120.0,96.0,171.0,200.0,230.0,67.0,84.0,64.0,72.0,60.0,,101
233,WL233Frame0,37,64,62,57.0,72.0,115.0,95.0,136.0,169.0,199.0,69.0,93.0,68.0,56.0,59.0,,101
234,WL234Frame0,48,58,64,61.0,80.0,102.0,98.0,150.0,173.0,177.0,65.0,97.0,77.0,68.0,45.0,,106
235,WL235Frame0,28,77,58,65.0,62.0,77.0,106.0,96.0,160.0,212.0,60.0,91.0,70.0,55.0,51.0,,105
236,WL236Frame0,33,78,71,73.0,78.0,118.0,147.0,145.0,183.0,241.0,87.0,88.0,69.0,66.0,59.0,,111
237,WL237Frame0,40,72,58,71.0,92.0,98.0,123.0,123.0,143.0,222.0,78.0,94.0,61.0,47.0,49.0,,112
238,WL238Frame0,50,61,58,77.0,72.0,94.0,90.0,118.0,157.0,160.0,76.0,79.0,61.0,54.0,60.0,,111
239,WL239Frame0,23,67,57,65.0,69.0,89.0,105.0,116.0,147.0,152.0,69.0,92.0,72.0,87.0,41.0,,90
240,WL240Frame0,40,69,81,85.0,85.0,128.0,110.0,155.0,181.0,199.0,71.0,83.0,86.0,70.0,56.0,,109
241,WL241Frame0,31,72,60,75.0,63.0,94.0,96.0,110.0,172.0,198.0,76.0,69.0,67.0,47.0,50.0,,103
242,WL242Frame0,32,71,67,61.0,79.0,94.0,89.0,133.0,163.0,193.0,61.0,74.0,58.0,53.0,53.0,,103
243,WL243Frame0,38,61,62,48.0,67.0,90.0,90.0,126.0,187.0,164.0,56.0,90.0,51.0,62.0,60.0,,99
244,WL244Frame0,28,63,69,69.0,71.0,125.0,110.0,161.0,171.0,198.0,54.0,92.0,67.0,68.0,53.0,,91
245,WL245Frame0,35,63,75,73.0,94.0,87.0,103.0,112.0,175.0,167.0,66.0,111.0,69.0,68.0,63.0,,98
246,WL246Frame0,26,59,56,59.0,81.0,92.0,116.0,105.0,191.0,181.0,59.0,83.0,72.0,59.0,58.0,,85
247,WL247Frame0,43,54,57,51.0,61.0,99.0,94.0,133.0,170.0,136.0,56.0,80.0,77.0,65.0,55.0,,97
248,WL248Frame0,41,62,87,66.0,69.0,103.0,107.0,130.0,182.0,223.0,67.0,96.0,57.0,62.0,52.0,,103
249,WL249Frame0,38,60,51,57.0,72.0,97.0,105.0,135.0,167.0,181.0,53.0,83.0,71.0,68.0,54.0,,98
250,WL250Frame0,27,61,73,62.0,73.0,104.0,82.0,132.0,167.0,178.0,56.0,88.0,64.0,48.0,53.0,,88
251,WL251Frame0,49,55,56,77.0,60.0,83.0,82.0,129.0,165.0,186.0,40.0,80.0,70.0,59.0,58.0,,104
252,WL252Frame0,42,60,65,65.0,88.0,113.0,114.0,161.0,171.0,198.0,64.0,108.0,63.0,57.0,41.0,,102
253,WL253Frame0,30,55,60,63.0,69.0,90.0,115.0,100.0,165.0,183.0,70.0,97.0,81.0,67.0,45.0,,85
254,WL254Frame0,35,71,57,62.0,74.0,73.0,97.0,122.0,172.0,183.0,54.0,91.0,56.0,59.0,53.0,,106
255,WL255Frame0,37,54,60,52.0,77.0,94.0,87.0,110.0,140.0,181.0,64.0,76.0,73.0,61.0,48.0,,91
256,WL256Frame0,26,62,70,94.0,79.0,99.0,106.0,142.0,172.0,188.0,62.0,96.0,67.0,57.0,57.0,,88
257,WL257Frame0,24,76,49,52.0,83.0,88.0,76.0,142.0,171.0,194.0,64.0,77.0,66.0,69.0,49.0,,100
258,WL258Frame0,34,77,52,52.0,68.0,87.0,70.0,114.0,161.0,174.0,55.0,87.0,54.0,62.0,67.0,,111
259,WL259Frame0,46,58,65,54.0,45.0,80.0,72.0,97.0,173.0,135.0,53.0,74.0,74.0,67.0,51.0,,104
260,WL260Frame0,42,60,60,69.0,80.0,124.0,104.0,136.0,158.0,172.0,57.0,69.0,66.0,59.0,36.0,,102
261,WL261Frame0,34,72,63,66.0,76.0,80.0,80.0,83.0,179.0,217.0,50.0,63.0,59.0,49.0,45.0,,106
262,WL262Frame0,32,65,62,52.0,68.0,92.0,89.0,108.0,170.0,193.0,66.0,83.0,53.0,48.0,48.0,,97
263,WL263Frame0,49,62,52,53.0,60.0,81.0,86.0,97.0,167.0,155.0,58.0,70.0,55.0,73.0,44.0,,111
264,WL264Frame0,38,68,72,83.0,70.0,109.0,103.0,115.0,177.0,196.0,59.0,99.0,58.0,58.0,50.0,,106
265,WL265Frame0,39,62,62,66.0,61.0,90.0,85.0,124.0,179.0,156.0,55.0,88.0,62.0,61.0,57.0,,101
266,WL266Frame0,36,56,66,64.0,57.0,81.0,85.0,94.0,178.0,139.0,55.0,91.0,71.0,59.0,60.0,,92
267,WL267Frame0,45,53,54,59.0,64.0,75.0,77.0,99.0,165.0,156.0,55.0,65.0,59.0,49.0,59.0,,98
268,WL268Frame0,33,80,74,72.0,92.0,106.0,75.0,160.0,165.0,206.0,70.0,85.0,46.0,65.0,52.0,,113
269,WL269Frame0,38,59,71,77.0,61.0,91.0,103.0,136.0,164.0,185.0,62.0,89.0,62.0,42.0,50.0,,97
270,WL270Frame0,36,49,63,69.0,50.0,101.0,95.0,97.0,163.0,123.0,57.0,84.0,58.0,55.0,46.0,,85
271,WL271Frame0,38,71,63,59.0,51.0,76.0,74.0,92.0,153.0,140.0,63.0,66.0,63.0,48.0,52.0,,109
272,WL272Frame0,38,58,67,68.0,74.0,103.0,103.0,117.0,167.0,155.0,57.0,78.0,77.0,49.0,57.0,,96
273,WL273Frame0,24,87,69,58.0,59.0,98.0,82.0,123.0,163.0,164.0,65.0,84.0,59.0,49.0,51.0,,111
274,WL274Frame0,39,54,72,51.0,72.0,85.0,80.0,102.0,162.0,145.0,60.0,71.0,60.0,63.0,49.0,,93
275,WL275Frame0,31,58,53,47.0,72.0,84.0,78.0,112.0,167.0,120.0,56.0,82.0,55.0,62.0,60.0,,89
276,WL276Frame0,30,75,76,64.0,64.0,96.0,88.0,122.0,174.0,173.0,53.0,74.0,65.0,57.0,50.0,,105
277,WL277Frame0,31,59,64,63.0,58.0,90.0,112.0,104.0,164.0,147.0,61.0,83.0,49.0,50.0,47.0,,90
278,WL278Frame0,36,68,62,66.0,60.0,73.0,79.0,109.0,160.0,129.0,49.0,81.0,62.0,56.0,39.0,,104
279,WL279Frame0,38,61,48,50.0,65.0,75.0,84.0,105.0,156.0,138.0,44.0,67.0,58.0,58.0,57.0,,99
280,WL280Frame0,48,55,78,49.0,70.0,81.0,106.0,120.0,164.0,189.0,60.0,75.0,73.0,62.0,53.0,,103
281,WL281Frame0,28,53,58,61.0,65.0,100.0,99.0,103.0,174.0,131.0,72.0,63.0,59.0,56.0,49.0,,81
282,WL282Frame0,36,66,58,57.0,67.0,80.0,63.0,100.0,164.0,123.0,67.0,69.0,45.0,66.0,42.0,,102
283,WL283Frame0,33,57,51,62.0,57.0,77.0,64.0,97.0,175.0,133.0,58.0,92.0,50.0,42.0,49.0,,90
284,WL284Frame0,37,59,66,63.0,75.0,116.0,88.0,101.0,174.0,195.0,53.0,71.0,47.0,74.0,43.0,,96
285,WL285Frame0,47,52,63,64.0,58.0,90.0,97.0,98.0,151.0,139.0,64.0,65.0,58.0,50.0,41.0,,99
286,WL286Frame0,33,53,56,61.0,63.0,89.0,77.0,74.0,162.0,145.0,52.0,73.0,53.0,54.0,40.0,,86
287,WL287Frame0,25,61,61,57.0,61.0,70.0,86.0,82.0,137.0,109.0,60.0,71.0,48.0,55.0,43.0,,86
288,WL288Frame0,44,59,73,88.0,64.0,100.0,68.0,115.0,168.0,152.0,48.0,81.0,60.0,65.0,44.0,,103
289,WL289Frame0,40,70,68,66.0,59.0,86.0,97.0,86.0,148.0,150.0,65.0,63.0,64.0,52.0,40.0,,110
290,WL290Frame0,41,52,43,81.0,63.0,92.0,76.0,101.0,168.0,107.0,54.0,58.0,60.0,45.0,41.0,,93
291,WL291Frame0,38,60,59,64.0,60.0,78.0,73.0,79.0,153.0,110.0,44.0,75.0,61.0,46.0,47.0,,98
292,WL292Frame0,37,63,67,60.0,51.0,106.0,87.0,109.0,152.0,156.0,50.0,93.0,45.0,51.0,52.0,,100
293,WL293Frame0,40,65,46,51.0,51.0,82.0,79.0,99.0,144.0,133.0,53.0,85.0,58.0,58.0,55.0,,105
294,WL294Frame0,34,58,53,50.0,71.0,78.0,76.0,98.0,162.0,95.0,64.0,56.0,69.0,56.0,33.0,,92
295,WL295Frame0,42,64,43,52.0,58.0,73.0,78.0,74.0,163.0,97.0,53.0,70.0,56.0,44.0,39.0,,106
296,WL296Frame0,33,67,51,61.0,68.0,91.0,74.0,123.0,149.0,145.0,59.0,66.0,64.0,53.0,42.0,,100
297,WL297Frame0,27,53,56,63.0,67.0,86.0,90.0,96.0,149.0,113.0,58.0,73.0,67.0,44.0,49.0,,80
298,WL298Frame0,27,67,66,56.0,51.0,89.0,84.0,70.0,168.0,102.0,38.0,77.0,44.0,58.0,36.0,,94
299,WL299Frame0,27,61,64,46.0,54.0,71.0,73.0,80.0,149.0,107.0,56.0,66.0,63.0,45.0,49.0,,88
300,WL300Frame0,38,72,60,62.0,66.0,91.0,71.0,98.0,132.0,157.0,63.0,85.0,63.0,53.0,49.0,,110
301,WL301Frame0,37,58,47,54.0,46.0,69.0,84.0,95.0,166.0,129.0,66.0,67.0,37.0,42.0,35.0,,95
302,WL302Frame0,42,58,67,61.0,59.0,67.0,68.0,84.0,161.0,115.0,51.0,62.0,61.0,34.0,32.0,,100
303,WL303Frame0,45,47,67,45.0,56.0,73.0,82.0,90.0,144.0,119.0,53.0,58.0,61.0,52.0,56.0,,92
304,WL304Frame0,30,55,74,53.0,73.0,90.0,78.0,102.0,154.0,139.0,58.0,60.0,59.0,48.0,37.0,,85
305,WL305Frame0,34,61,60,67.0,73.0,63.0,81.0,97.0,179.0,116.0,58.0,57.0,38.0,56.0,60.0,,95
306,WL306Frame0,38,56,64,49.0,52.0,71.0,69.0,89.0,159.0,106.0,68.0,69.0,50.0,43.0,46.0,,94
307,WL307Frame0,43,51,68,50.0,52.0,79.0,78.0,77.0,161.0,96.0,51.0,67.0,67.0,50.0,32.0,,94
308,WL308Frame0,32,63,63,53.0,62.0,99.0,85.0,98.0,164.0,132.0,59.0,66.0,53.0,50.0,44.0,,95
309,WL309Frame0,37,61,53,58.0,48.0,78.0,76.0,86.0,161.0,108.0,55.0,70.0,57.0,46.0,45.0,,98
310,WL310Frame0,41,48,64,76.0,51.0,86.0,75.0,78.0,142.0,91.0,61.0,67.0,43.0,57.0,42.0,,89
311,WL311Frame0,38,48,55,64.0,54.0,71.0,77.0,78.0,150.0,101.0,44.0,69.0,62.0,45.0,41.0,,86
312,WL312Frame0,40,62,58,59.0,63.0,87.0,90.0,104.0,152.0,132.0,55.0,77.0,43.0,46.0,36.0,,102
313,WL313Frame0,39,58,56,64.0,51.0,87.0,69.0,102.0,156.0,109.0,56.0,70.0,54.0,48.0,38.0,,97
314,WL314Frame0,31,52,55,48.0,53.0,82.0,73.0,85.0,146.0,114.0,56.0,78.0,56.0,59.0,33.0,,83
315,WL315Frame0,38,46,57,42.0,56.0,80.0,74.0,88.0,162.0,98.0,47.0,49.0,46.0,37.0,46.0,,84
316,WL316Frame0,39,57,54,64.0,65.0,102.0,74.0,112.0,192.0,122.0,57.0,49.0,59.0,51.0,48.0,,96
317,WL317Frame0,27,44,62,54.0,55.0,68.0,81.0,86.0,156.0,136.0,55.0,62.0,64.0,62.0,54.0,,71
318,WL318Frame0,25,49,67,51.0,68.0,68.0,71.0,85.0,188.0,115.0,48.0,54.0,52.0,66.0,48.0,,74
319,WL319Frame0,33,52,53,63.0,58.0,60.0,66.0,94.0,166.0,99.0,54.0,68.0,45.0,45.0,39.0,,85
320,WL320Frame0,26,75,82,57.0,64.0,106.0,70.0,97.0,159.0,147.0,57.0,76.0,50.0,45.0,47.0,,101
321,WL321Frame0,43,72,64,62.0,48.0,96.0,94.0,95.0,142.0,121.0,60.0,61.0,45.0,57.0,51.0,,115
322,WL322Frame0,37,58,69,68.0,63.0,85.0,71.0,81.0,182.0,111.0,53.0,61.0,53.0,52.0,41.0,,95
323,WL323Frame0,47,52,56,56.0,60.0,68.0,82.0,87.0,147.0,103.0,55.0,60.0,51.0,53.0,45.0,,99
324,WL324Frame0,26,76,65,70.0,79.0,93.0,91.0,92.0,160.0,138.0,79.0,71.0,51.0,56.0,32.0,,102
325,WL325Frame0,37,61,72,41.0,78.0,82.0,67.0,92.0,191.0,128.0,54.0,58.0,54.0,47.0,43.0,,98
326,WL326Frame0,29,67,58,66.0,78.0,79.0,81.0,93.0,168.0,113.0,61.0,30.0,53.0,50.0,43.0,,96
327,WL327Frame0,27,62,54,66.0,73.0,77.0,60.0,87.0,162.0,115.0,36.0,64.0,56.0,47.0,33.0,,89
328,WL328Frame0,38,60,54,70.0,61.0,79.0,96.0,101.0,145.0,154.0,64.0,70.0,65.0,58.0,61.0,,98
329,WL329Frame0,39,72,55,64.0,64.0,83.0,90.0,93.0,152.0,173.0,59.0,69.0,63.0,61.0,59.0,,111
330,WL330Frame0,39,55,59,66.0,44.0,65.0,88.0,72.0,159.0,177.0,60.0,67.0,39.0,70.0,57.0,,94
331,WL331Frame0,45,58,54,56.0,57.0,76.0,72.0,74.0,161.0,139.0,62.0,67.0,68.0,58.0,48.0,,103
332,WL332Frame0,33,68,78,72.0,59.0,86.0,105.0,105.0,161.0,183.0,52.0,75.0,63.0,45.0,53.0,,101
333,WL333Frame0,34,68,53,68.0,78.0,101.0,76.0,100.0,145.0,166.0,66.0,75.0,55.0,57.0,56.0,,102
334,WL334Frame0,30,54,43,63.0,64.0,81.0,102.0,96.0,129.0,155.0,77.0,74.0,56.0,47.0,61.0,,84
335,WL335Frame0,45,58,70,50.0,54.0,82.0,102.0,105.0,125.0,150.0,44.0,61.0,52.0,46.0,61.0,,103
336,WL336Frame0,32,75,78,85.0,72.0,84.0,118.0,104.0,140.0,153.0,54.0,57.0,57.0,71.0,56.0,,107
337,WL337Frame0,33,50,55,68.0,63.0,74.0,100.0,107.0,162.0,166.0,75.0,75.0,55.0,58.0,65.0,,83
338,WL338Frame0,29,65,55,65.0,70.0,87.0,92.0,113.0,158.0,145.0,45.0,72.0,55.0,67.0,50.0,,94
339,WL339Frame0,23,50,61,59.0,52.0,69.0,76.0,82.0,169.0,146.0,58.0,70.0,61.0,65.0,52.0,,73
340,WL340Frame0,27,88,84,102.0,82.0,113.0,131.0,137.0,148.0,209.0,69.0,68.0,59.0,45.0,65.0,,115
341,WL341Frame0,38,81,61,87.0,70.0,89.0,113.0,111.0,136.0,186.0,72.0,83.0,61.0,59.0,68.0,,119
342,WL342Frame0,28,56,70,72.0,82.0,101.0,83.0,104.0,149.0,151.0,53.0,73.0,61.0,61.0,49.0,,84
343,WL343Frame0,44,65,39,59.0,64.0,79.0,90.0,100.0,151.0,160.0,60.0,60.0,67.0,71.0,58.0,,109
344,WL344Frame0,35,97,105,113.0,93.0,111.0,132.0,124.0,174.0,230.0,70.0,70.0,61.0,60.0,53.0,,132
345,WL345Frame0,34,91,67,98.0,72.0,101.0,124.0,102.0,161.0,196.0,64.0,65.0,62.0,57.0,57.0,,125
346,WL346Frame0,32,87,57,68.0,58.0,104.0,112.0,120.0,180.0,156.0,62.0,68.0,67.0,72.0,61.0,,119
347,WL347Frame0,27,61,67,67.0,63.0,80.0,92.0,86.0,168.0,152.0,63.0,71.0,55.0,48.0,50.0,,88
348,WL348Frame0,37,89,94,108.0,88.0,103.0,106.0,113.0,171.0,200.0,77.0,71.0,66.0,50.0,47.0,,126
349,WL349Frame0,36,90,91,86.0,67.0,98.0,103.0,114.0,152.0,164.0,71.0,73.0,53.0,55.0,61.0,,126
350,WL350Frame0,43,62,70,68.0,62.0,82.0,105.0,107.0,151.0,172.0,65.0,56.0,66.0,69.0,62.0,,105
351,WL351Frame0,36,46,63,62.0,63.0,89.0,91.0,99.0,170.0,165.0,60.0,73.0,50.0,56.0,57.0,,82
352,WL352Frame0,128,247,135,,,,,,,,,,,,,,375
353,WL353Frame0,223,140,128,,,,,,,,,,,,,,363
354,WL354Frame0,145,221,136,,,,,,,,,,,,,,366
355,WL355Frame0,210,141,140,,,,,,,,,,,,,,351
356,WL356Frame0,123,219,164,,,,,,,,,,,,,,342
357,WL357Frame0,215,169,132,,,,,,,,,,,,,,384
358,WL358Frame0,133,246,131,,,,,,,,,,,,,,379
359,WL359Frame0,220,158,130,,,,,,,,,,,,,,378
360,WL360Frame0,37,63,74,53.0,54.0,78.0,87.0,77.0,151.0,184.0,45.0,89.0,71.0,66.0,57.0,,100
361,WL361Frame0,42,52,77,77.0,61.0,82.0,77.0,86.0,167.0,136.0,52.0,66.0,69.0,72.0,61.0,,94
362,WL362Frame0,34,60,48,56.0,67.0,79.0,90.0,86.0,169.0,162.0,54.0,70.0,51.0,70.0,62.0,,94
363,WL363Frame0,33,57,77,61.0,45.0,68.0,64.0,100.0,171.0,114.0,52.0,69.0,59.0,62.0,68.0,,90
364,WL364Frame0,42,78,72,90.0,106.0,121.0,107.0,133.0,172.0,236.0,73.0,80.0,68.0,78.0,66.0,,120
365,WL365Frame0,41,70,76,63.0,89.0,93.0,92.0,101.0,158.0,237.0,55.0,76.0,70.0,67.0,52.0,,111
366,WL366Frame0,39,82,61,68.0,60.0,88.0,82.0,118.0,146.0,198.0,51.0,64.0,58.0,93.0,75.0,,121
367,WL367Frame0,33,66,75,71.0,63.0,72.0,59.0,103.0,164.0,204.0,50.0,60.0,49.0,61.0,62.0,,99
368,WL368Frame0,31,83,81,80.0,77.0,125.0,88.0,118.0,180.0,238.0,56.0,73.0,69.0,71.0,74.0,,114
369,WL369Frame0,53,60,73,73.0,74.0,91.0,74.0,108.0,169.0,202.0,57.0,55.0,55.0,74.0,56.0,,113
370,WL370Frame0,42,54,76,68.0,54.0,87.0,89.0,110.0,147.0,178.0,44.0,61.0,63.0,84.0,65.0,,96
371,WL371Frame0,45,57,49,50.0,58.0,91.0,71.0,88.0,159.0,168.0,62.0,69.0,55.0,71.0,73.0,,102
372,WL372Frame0,31,56,64,91.0,83.0,106.0,110.0,135.0,182.0,337.0,83.0,66.0,81.0,72.0,58.0,,87
373,WL373Frame0,36,55,66,82.0,75.0,89.0,110.0,121.0,179.0,258.0,77.0,73.0,49.0,55.0,61.0,,91
374,WL374Frame0,34,62,61,75.0,73.0,88.0,87.0,126.0,143.0,287.0,60.0,70.0,67.0,56.0,65.0,,96
375,WL375Frame0,35,51,51,75.0,50.0,94.0,86.0,94.0,181.0,229.0,77.0,71.0,53.0,65.0,80.0,,86
376,WL376Frame0,37,68,88,82.0,72.0,98.0,106.0,106.0,189.0,331.0,76.0,85.0,87.0,60.0,78.0,,105
377,WL377Frame0,26,57,78,84.0,73.0,93.0,117.0,117.0,162.0,255.0,67.0,84.0,58.0,65.0,68.0,,83
378,WL378Frame0,37,47,59,75.0,75.0,86.0,112.0,100.0,147.0,226.0,74.0,83.0,59.0,66.0,71.0,,84
379,WL379Frame0,39,66,62,55.0,69.0,71.0,93.0,87.0,153.0,211.0,69.0,60.0,57.0,50.0,65.0,,105
380,WL380Frame0,38,70,67,114.0,91.0,109.0,113.0,114.0,169.0,277.0,82.0,77.0,71.0,66.0,63.0,,108
381,WL381Frame0,42,71,60,82.0,84.0,80.0,96.0,116.0,175.0,282.0,66.0,69.0,74.0,62.0,63.0,,113
382,WL382Frame0,29,65,69,64.0,63.0,96.0,97.0,103.0,151.0,275.0,81.0,85.0,57.0,72.0,59.0,,94
383,WL383Frame0,33,68,62,68.0,66.0,66.0,94.0,89.0,158.0,234.0,59.0,65.0,63.0,60.0,78.0,,101
384,WL384Frame0,37,71,71,90.0,87.0,105.0,120.0,104.0,175.0,325.0,78.0,79.0,70.0,50.0,58.0,,108
385,WL385Frame0,30,62,56,77.0,82.0,84.0,100.0,99.0,162.0,252.0,65.0,80.0,60.0,66.0,79.0,,92
386,WL386Frame0,41,63,70,52.0,88.0,86.0,107.0,96.0,156.0,263.0,59.0,78.0,56.0,54.0,65.0,,104
387,WL387Frame0,32,60,51,53.0,67.0,83.0,98.0,86.0,179.0,198.0,68.0,59.0,62.0,58.0,69.0,,92
388,WL388Frame0,30,75,59,73.0,77.0,124.0,114.0,146.0,170.0,254.0,67.0,76.0,71.0,78.0,60.0,,105
389,WL389Frame0,36,73,62,69.0,71.0,76.0,104.0,110.0,161.0,244.0,69.0,76.0,70.0,64.0,68.0,,109
390,WL390Frame0,41,70,71,65.0,56.0,85.0,67.0,108.0,158.0,252.0,79.0,75.0,66.0,67.0,65.0,,111
391,WL391Frame0,29,71,68,90.0,63.0,67.0,79.0,95.0,150.0,233.0,63.0,65.0,65.0,62.0,82.0,,100
392,WL392Frame0,35,84,82,98.0,82.0,98.0,123.0,118.0,177.0,257.0,67.0,78.0,69.0,80.0,53.0,,119
393,WL393Frame0,30,66,78,73.0,87.0,91.0,105.0,102.0,169.0,277.0,58.0,65.0,59.0,71.0,66.0,,96
394,WL394Frame0,41,65,74,55.0,68.0,93.0,112.0,103.0,171.0,260.0,62.0,80.0,60.0,58.0,56.0,,106
395,WL395Frame0,34,62,62,64.0,72.0,70.0,96.0,85.0,172.0,219.0,63.0,52.0,70.0,76.0,71.0,,96
396,WL396Frame0,32,68,68,69.0,82.0,102.0,113.0,117.0,171.0,268.0,59.0,77.0,62.0,79.0,60.0,,100
397,WL397Frame0,31,58,59,69.0,76.0,97.0,97.0,127.0,174.0,260.0,55.0,68.0,60.0,64.0,59.0,,89
398,WL398Frame0,21,61,70,68.0,75.0,80.0,81.0,110.0,179.0,215.0,65.0,73.0,66.0,79.0,66.0,,82
399,WL399Frame0,36,55,60,72.0,73.0,80.0,91.0,90.0,157.0,205.0,56.0,74.0,64.0,54.0,73.0,,91
400,WL400Frame0,37,74,66,76.0,93.0,86.0,127.0,135.0,173.0,240.0,72.0,70.0,52.0,52.0,70.0,,111
401,WL401Frame0,36,50,58,57.0,71.0,78.0,103.0,122.0,174.0,241.0,66.0,68.0,54.0,63.0,56.0,,86
402,WL402Frame0,43,54,61,69.0,67.0,69.0,91.0,117.0,169.0,244.0,55.0,88.0,53.0,78.0,54.0,,97
403,WL403Frame0,45,47,62,50.0,69.0,77.0,93.0,78.0,173.0,221.0,80.0,71.0,52.0,66.0,59.0,,92
404,WL404Frame0,25,72,100,84.0,83.0,112.0,141.0,139.0,190.0,360.0,75.0,87.0,59.0,56.0,63.0,,97
405,WL405Frame0,38,56,70,74.0,85.0,88.0,94.0,102.0,172.0,262.0,76.0,72.0,71.0,76.0,70.0,,94
406,WL406Frame0,43,63,71,76.0,79.0,82.0,84.0,118.0,163.0,219.0,59.0,72.0,65.0,68.0,72.0,,106
407,WL407Frame0,34,59,65,70.0,76.0,66.0,91.0,90.0,150.0,246.0,48.0,72.0,72.0,59.0,71.0,,93
408,WL408Frame0,38,76,70,103.0,82.0,96.0,136.0,139.0,161.0,282.0,81.0,86.0,69.0,58.0,72.0,,114
409,WL409Frame0,25,62,74,64.0,69.0,100.0,110.0,105.0,172.0,261.0,75.0,81.0,67.0,76.0,63.0,,87
410,WL410Frame0,37,61,63,68.0,64.0,101.0,98.0,125.0,147.0,258.0,74.0,74.0,66.0,55.0,74.0,,98
411,WL411Frame0,36,62,56,71.0,67.0,76.0,78.0,93.0,177.0,227.0,55.0,72.0,58.0,70.0,65.0,,98
412,WL412Frame0,40,61,58,80.0,79.0,126.0,116.0,132.0,187.0,298.0,77.0,92.0,66.0,60.0,53.0,,101
413,WL413Frame0,40,51,63,68.0,76.0,93.0,108.0,105.0,172.0,275.0,65.0,64.0,66.0,53.0,69.0,,91
414,WL414Frame0,31,70,63,61.0,65.0,79.0,102.0,111.0,166.0,212.0,69.0,61.0,49.0,74.0,73.0,,101
415,WL415Frame0,32,43,63,70.0,65.0,79.0,86.0,114.0,155.0,201.0,64.0,79.0,45.0,60.0,65.0,,75
416,WL416Frame0,41,69,69,70.0,85.0,98.0,113.0,129.0,146.0,296.0,67.0,64.0,76.0,73.0,69.0,,110
417,WL417Frame0,40,66,56,64.0,56.0,84.0,108.0,95.0,166.0,270.0,72.0,86.0,68.0,68.0,62.0,,106
418,WL418Frame0,27,48,64,84.0,77.0,67.0,99.0,84.0,162.0,223.0,54.0,67.0,64.0,65.0,75.0,,75
419,WL419Frame0,32,53,57,67.0,73.0,73.0,78.0,82.0,157.0,198.0,61.0,64.0,68.0,63.0,70.0,,85
420,WL420Frame0,43,78,83,75.0,93.0,103.0,122.0,118.0,169.0,293.0,74.0,66.0,58.0,56.0,55.0,,121
421,WL421Frame0,39,57,61,79.0,69.0,73.0,90.0,111.0,158.0,245.0,67.0,85.0,58.0,60.0,86.0,,96
422,WL422Frame0,34,60,45,65.0,67.0,85.0,96.0,109.0,146.0,242.0,60.0,82.0,73.0,74.0,73.0,,94
423,WL423Frame0,36,57,67,72.0,74.0,64.0,97.0,89.0,148.0,205.0,68.0,83.0,54.0,73.0,56.0,,93
424,WL424Frame0,36,64,80,75.0,83.0,101.0,115.0,114.0,161.0,259.0,56.0,82.0,72.0,53.0,56.0,,100
425,WL425Frame0,29,53,54,72.0,68.0,89.0,116.0,105.0,159.0,236.0,64.0,68.0,62.0,66.0,58.0,,82
426,WL426Frame0,33,60,52,68.0,81.0,70.0,101.0,100.0,141.0,212.0,61.0,81.0,59.0,57.0,82.0,,93
427,WL427Frame0,37,50,50,62.0,66.0,61.0,93.0,107.0,159.0,225.0,60.0,64.0,65.0,49.0,57.0,,87
428,WL428Frame0,41,60,65,77.0,73.0,97.0,109.0,115.0,187.0,249.0,73.0,78.0,66.0,62.0,72.0,,101
429,WL429Frame0,27,47,64,70.0,58.0,88.0,94.0,97.0,144.0,268.0,65.0,59.0,57.0,65.0,67.0,,74
430,WL430Frame0,39,53,63,70.0,63.0,52.0,97.0,110.0,145.0,254.0,42.0,71.0,75.0,50.0,60.0,,92
431,WL431Frame0,28,58,42,54.0,75.0,67.0,87.0,101.0,163.0,189.0,62.0,83.0,50.0,49.0,72.0,,86
432,WL432Frame0,37,62,72,73.0,72.0,108.0,109.0,121.0,172.0,271.0,60.0,66.0,68.0,61.0,65.0,,99
433,WL433Frame0,35,61,70,72.0,68.0,78.0,93.0,110.0,155.0,239.0,52.0,68.0,64.0,68.0,49.0,,96
434,WL434Frame0,35,55,50,70.0,61.0,84.0,80.0,93.0,174.0,237.0,61.0,74.0,45.0,67.0,73.0,,90
435,WL435Frame0,31,52,50,60.0,62.0,74.0,78.0,91.0,186.0,180.0,62.0,64.0,46.0,54.0,70.0,,83
436,WL436Frame0,42,58,72,67.0,86.0,99.0,127.0,106.0,177.0,233.0,72.0,64.0,53.0,62.0,46.0,,100
437,WL437Frame0,45,67,58,65.0,61.0,82.0,101.0,98.0,183.0,209.0,61.0,68.0,55.0,40.0,69.0,,112
438,WL438Frame0,37,41,57,61.0,79.0,82.0,80.0,92.0,151.0,216.0,56.0,73.0,52.0,64.0,59.0,,78
439,WL439Frame0,39,54,50,63.0,50.0,65.0,79.0,90.0,147.0,159.0,71.0,77.0,53.0,58.0,62.0,,93
440,WL440Frame0,29,60,59,65.0,87.0,94.0,102.0,109.0,185.0,287.0,57.0,76.0,60.0,60.0,60.0,,89
441,WL441Frame0,41,34,63,83.0,72.0,76.0,89.0,107.0,154.0,238.0,60.0,72.0,57.0,55.0,64.0,,75
442,WL442Frame0,41,51,52,48.0,72.0,85.0,100.0,100.0,154.0,198.0,54.0,80.0,61.0,61.0,58.0,,92
443,WL443Frame0,36,47,55,60.0,68.0,61.0,84.0,74.0,165.0,170.0,48.0,65.0,54.0,61.0,59.0,,83
444,WL444Frame0,31,48,49,71.0,81.0,94.0,96.0,114.0,168.0,229.0,55.0,64.0,68.0,58.0,51.0,,79
445,WL445Frame0,32,62,59,66.0,63.0,87.0,74.0,100.0,170.0,226.0,52.0,74.0,55.0,56.0,58.0,,94
446,WL446Frame0,27,50,55,61.0,75.0,80.0,86.0,92.0,150.0,205.0,57.0,66.0,49.0,51.0,52.0,,77
447,WL447Frame0,42,48,59,43.0,66.0,55.0,80.0,77.0,132.0,188.0,51.0,67.0,44.0,55.0,59.0,,90
448,WL448Frame0,43,56,62,81.0,64.0,111.0,94.0,110.0,174.0,237.0,77.0,65.0,53.0,52.0,54.0,,99
449,WL449Frame0,37,50,59,64.0,53.0,73.0,96.0,104.0,153.0,196.0,60.0,77.0,60.0,53.0,58.0,,87
450,WL450Frame0,31,65,50,70.0,68.0,71.0,83.0,103.0,157.0,214.0,60.0,69.0,48.0,51.0,55.0,,96
451,WL451Frame0,46,46,44,72.0,68.0,62.0,80.0,64.0,140.0,176.0,57.0,59.0,61.0,65.0,46.0,,92
452,WL452Frame0,37,78,88,87.0,90.0,123.0,123.0,152.0,177.0,310.0,82.0,87.0,76.0,95.0,73.0,,115
453,WL453Frame0,43,62,53,75.0,74.0,81.0,108.0,143.0,167.0,280.0,68.0,73.0,71.0,87.0,81.0,,105
454,WL454Frame0,30,53,55,58.0,64.0,91.0,114.0,134.0,165.0,248.0,58.0,72.0,63.0,92.0,79.0,,83
455,WL455Frame0,33,44,71,77.0,56.0,91.0,89.0,115.0,169.0,268.0,59.0,74.0,42.0,94.0,83.0,,77
456,WL456Frame0,23,57,58,94.0,95.0,114.0,145.0,149.0,194.0,297.0,83.0,81.0,69.0,80.0,67.0,,80
457,WL457Frame0,31,71,69,82.0,62.0,94.0,122.0,138.0,167.0,267.0,79.0,91.0,63.0,78.0,89.0,,102
458,WL458Frame0,39,43,68,69.0,62.0,79.0,86.0,128.0,169.0,256.0,58.0,81.0,78.0,85.0,79.0,,82
459,WL459Frame0,51,62,64,80.0,64.0,86.0,82.0,95.0,132.0,203.0,57.0,61.0,64.0,87.0,77.0,,113
460,WL460Frame0,52,56,75,77.0,66.0,109.0,107.0,145.0,172.0,245.0,99.0,97.0,63.0,82.0,83.0,,108
461,WL461Frame0,41,57,65,78.0,53.0,103.0,88.0,138.0,177.0,287.0,69.0,75.0,53.0,69.0,93.0,,98
462,WL462Frame0,27,43,68,82.0,51.0,85.0,74.0,144.0,169.0,244.0,63.0,79.0,64.0,88.0,69.0,,70
463,WL463Frame0,31,57,51,58.0,47.0,72.0,96.0,97.0,170.0,192.0,64.0,85.0,49.0,79.0,77.0,,88
464,WL464Frame0,29,82,80,89.0,70.0,114.0,134.0,174.0,165.0,283.0,84.0,80.0,66.0,103.0,88.0,,111
465,WL465Frame0,36,65,66,84.0,84.0,89.0,122.0,144.0,171.0,265.0,55.0,85.0,62.0,70.0,80.0,,101
466,WL466Frame0,39,57,65,83.0,62.0,92.0,90.0,117.0,179.0,201.0,54.0,67.0,64.0,96.0,79.0,,96
467,WL467Frame0,33,62,51,65.0,61.0,68.0,90.0,108.0,155.0,232.0,47.0,74.0,65.0,77.0,62.0,,95
468,WL468Frame0,26,68,91,103.0,71.0,115.0,139.0,157.0,202.0,337.0,72.0,61.0,70.0,79.0,89.0,,94
469,WL469Frame0,44,58,75,76.0,58.0,100.0,117.0,111.0,186.0,250.0,71.0,78.0,56.0,73.0,75.0,,102
470,WL470Frame0,28,50,63,57.0,76.0,76.0,100.0,119.0,165.0,227.0,61.0,74.0,62.0,83.0,77.0,,78
471,WL471Frame0,31,60,59,59.0,62.0,74.0,96.0,116.0,148.0,241.0,53.0,81.0,53.0,71.0,88.0,,91
472,WL472Frame0,35,101,82,103.0,77.0,98.0,139.0,168.0,166.0,285.0,74.0,73.0,60.0,76.0,80.0,,136
473,WL473Frame0,44,70,60,63.0,71.0,99.0,121.0,124.0,150.0,227.0,75.0,78.0,54.0,88.0,70.0,,114
474,WL474Frame0,30,57,60,59.0,56.0,76.0,97.0,108.0,149.0,246.0,56.0,87.0,55.0,86.0,86.0,,87
475,WL475Frame0,44,58,53,65.0,64.0,73.0,85.0,143.0,167.0,184.0,61.0,52.0,62.0,81.0,75.0,,102
476,WL476Frame0,39,72,79,89.0,75.0,119.0,119.0,166.0,207.0,261.0,67.0,58.0,64.0,75.0,75.0,,111
477,WL477Frame0,47,65,75,76.0,47.0,99.0,108.0,130.0,166.0,254.0,63.0,57.0,67.0,81.0,71.0,,112
478,WL478Frame0,33,60,51,69.0,73.0,99.0,94.0,117.0,163.0,214.0,61.0,72.0,54.0,84.0,72.0,,93
479,WL479Frame0,31,50,52,75.0,66.0,80.0,79.0,75.0,164.0,144.0,60.0,59.0,33.0,70.0,95.0,,81
480,WL480Frame0,39,78,74,102.0,92.0,98.0,119.0,131.0,153.0,274.0,75.0,67.0,62.0,69.0,67.0,,117
481,WL481Frame0,37,78,66,87.0,75.0,101.0,103.0,116.0,150.0,227.0,82.0,63.0,68.0,64.0,73.0,,115
482,WL482Frame0,30,47,55,57.0,53.0,83.0,108.0,110.0,148.0,195.0,62.0,74.0,61.0,76.0,81.0,,77
483,WL483Frame0,37,40,54,62.0,55.0,83.0,85.0,117.0,132.0,222.0,69.0,79.0,53.0,61.0,77.0,,77
484,WL484Frame0,29,68,90,99.0,58.0,121.0,103.0,154.0,171.0,243.0,77.0,59.0,70.0,69.0,65.0,,97
485,WL485Frame0,39,58,67,68.0,66.0,120.0,95.0,123.0,136.0,244.0,76.0,66.0,52.0,73.0,85.0,,97
486,WL486Frame0,38,60,59,72.0,56.0,73.0,103.0,99.0,170.0,216.0,83.0,61.0,58.0,69.0,56.0,,98
487,WL487Frame0,46,55,58,59.0,58.0,75.0,73.0,101.0,155.0,188.0,59.0,67.0,50.0,65.0,82.0,,101
488,WL488Frame0,39,82,93,87.0,64.0,118.0,108.0,125.0,159.0,261.0,80.0,76.0,65.0,82.0,76.0,,121
489,WL489Frame0,42,64,46,80.0,74.0,99.0,100.0,114.0,182.0,276.0,66.0,78.0,50.0,88.0,79.0,,106
490,WL490Frame0,39,62,59,64.0,63.0,82.0,100.0,122.0,163.0,197.0,63.0,63.0,57.0,62.0,73.0,,101
491,WL491Frame0,38,76,64,72.0,53.0,90.0,73.0,93.0,139.0,160.0,70.0,65.0,52.0,75.0,71.0,,114
492,WL492Frame0,44,70,91,92.0,56.0,110.0,105.0,148.0,166.0,245.0,78.0,73.0,66.0,70.0,57.0,,114
493,WL493Frame0,33,60,62,78.0,79.0,97.0,107.0,115.0,175.0,176.0,63.0,63.0,56.0,65.0,76.0,,93
494,WL494Frame0,34,68,66,67.0,58.0,86.0,84.0,91.0,146.0,179.0,62.0,68.0,51.0,69.0,53.0,,102
495,WL495Frame0,35,47,44,63.0,60.0,66.0,73.0,90.0,161.0,178.0,66.0,60.0,63.0,50.0,82.0,,82
496,WL496Frame0,50,87,91,81.0,79.0,102.0,97.0,147.0,191.0,261.0,76.0,70.0,59.0,75.0,52.0,,137
497,WL497Frame0,32,60,76,77.0,68.0,95.0,107.0,113.0,171.0,225.0,70.0,53.0,70.0,67.0,62.0,,92
498,WL498Frame0,28,72,73,63.0,72.0,83.0,89.0,105.0,182.0,194.0,63.0,65.0,53.0,57.0,66.0,,100
499,WL499Frame0,50,52,48,78.0,51.0,72.0,74.0,90.0,143.0,185.0,76.0,61.0,62.0,65.0,81.0,,102
500,WL500Frame0,38,81,81,92.0,75.0,128.0,121.0,166.0,177.0,264.0,74.0,74.0,52.0,56.0,66.0,,119
501,WL501Frame0,44,63,63,94.0,72.0,86.0,93.0,102.0,162.0,204.0,64.0,69.0,41.0,87.0,91.0,,107
502,WL502Frame0,31,57,51,70.0,75.0,88.0,88.0,98.0,165.0,217.0,64.0,69.0,51.0,63.0,82.0,,88
503,WL503Frame0,44,65,47,71.0,56.0,65.0,82.0,88.0,157.0,169.0,66.0,67.0,55.0,60.0,82.0,,109
504,WL504Frame0,37,97,103,117.0,92.0,120.0,119.0,159.0,155.0,204.0,81.0,71.0,64.0,75.0,75.0,,134
505,WL505Frame0,44,68,70,69.0,86.0,100.0,111.0,142.0,166.0,219.0,65.0,66.0,66.0,74.0,59.0,,112
506,WL506Frame0,44,64,69,69.0,65.0,76.0,81.0,120.0,161.0,200.0,63.0,55.0,56.0,74.0,68.0,,108
507,WL507Frame0,45,57,63,63.0,65.0,70.0,94.0,85.0,153.0,171.0,58.0,79.0,54.0,67.0,83.0,,102
508,WL508Frame0,46,89,81,102.0,97.0,113.0,125.0,158.0,160.0,241.0,60.0,73.0,53.0,86.0,71.0,,135
509,WL509Frame0,48,57,73,84.0,66.0,83.0,110.0,122.0,155.0,211.0,55.0,79.0,48.0,70.0,76.0,,105
510,WL510Frame0,33,63,53,90.0,51.0,93.0,89.0,116.0,148.0,176.0,66.0,83.0,68.0,78.0,63.0,,96
511,WL511Frame0,36,45,62,60.0,72.0,72.0,75.0,113.0,173.0,187.0,52.0,68.0,58.0,74.0,66.0,,81
512,WL512Frame0,43,93,65,114.0,96.0,119.0,115.0,145.0,190.0,251.0,70.0,69.0,65.0,71.0,77.0,,136
513,WL513Frame0,51,69,68,78.0,68.0,104.0,86.0,117.0,146.0,214.0,81.0,60.0,56.0,77.0,71.0,,120
514,WL514Frame0,48,65,57,69.0,49.0,81.0,98.0,144.0,168.0,210.0,48.0,52.0,55.0,58.0,92.0,,113
515,WL515Frame0,43,52,55,51.0,59.0,80.0,92.0,106.0,139.0,163.0,66.0,71.0,60.0,69.0,71.0,,95
516,WL516Frame0,43,79,84,95.0,78.0,109.0,155.0,154.0,178.0,222.0,72.0,72.0,51.0,82.0,43.0,,122
517,WL517Frame0,37,50,70,82.0,68.0,102.0,108.0,124.0,167.0,225.0,57.0,66.0,53.0,75.0,94.0,,87
518,WL518Frame0,40,65,67,62.0,65.0,80.0,69.0,137.0,163.0,215.0,66.0,55.0,49.0,78.0,90.0,,105
519,WL519Frame0,40,67,60,69.0,59.0,73.0,68.0,104.0,173.0,159.0,49.0,58.0,53.0,63.0,64.0,,107
520,WL520Frame0,36,77,94,122.0,94.0,132.0,113.0,164.0,156.0,240.0,68.0,73.0,51.0,77.0,68.0,,113
521,WL521Frame0,43,68,62,69.0,66.0,83.0,89.0,143.0,182.0,198.0,57.0,78.0,51.0,68.0,88.0,,111
522,WL522Frame0,35,68,52,75.0,64.0,89.0,99.0,118.0,154.0,177.0,68.0,69.0,50.0,64.0,66.0,,103
523,WL523Frame0,34,65,62,54.0,42.0,75.0,67.0,87.0,162.0,167.0,59.0,70.0,56.0,59.0,57.0,,99
524,WL524Frame0,42,86,75,95.0,82.0,120.0,112.0,149.0,207.0,253.0,66.0,62.0,52.0,66.0,64.0,,128
525,WL525Frame0,36,69,76,78.0,76.0,95.0,111.0,115.0,167.0,196.0,67.0,62.0,50.0,65.0,60.0,,105
526,WL526Frame0,46,61,61,74.0,67.0,78.0,83.0,101.0,164.0,197.0,65.0,49.0,51.0,57.0,81.0,,107
527,WL527Frame0,36,55,59,64.0,55.0,66.0,83.0,88.0,155.0,164.0,65.0,68.0,40.0,63.0,66.0,,91
528,WL528Frame0,37,55,74,88.0,84.0,97.0,108.0,121.0,177.0,245.0,81.0,69.0,63.0,67.0,63.0,,92
529,WL529Frame0,36,63,71,91.0,60.0,85.0,96.0,111.0,143.0,223.0,64.0,55.0,47.0,61.0,77.0,,99
530,WL530Frame0,46,61,63,66.0,62.0,72.0,84.0,103.0,147.0,148.0,56.0,70.0,60.0,66.0,63.0,,107
531,WL531Frame0,32,56,49,75.0,51.0,72.0,69.0,93.0,148.0,157.0,71.0,73.0,45.0,79.0,70.0,,88
532,WL532Frame0,43,71,96,103.0,96.0,103.0,93.0,135.0,174.0,239.0,61.0,74.0,58.0,71.0,74.0,,114
533,WL533Frame0,46,69,52,62.0,72.0,92.0,78.0,115.0,160.0,201.0,73.0,66.0,56.0,87.0,66.0,,115
534,WL534Frame0,33,57,60,76.0,67.0,82.0,68.0,106.0,144.0,169.0,66.0,66.0,66.0,66.0,63.0,,90
535,WL535Frame0,39,61,41,63.0,71.0,80.0,78.0,82.0,153.0,152.0,59.0,71.0,58.0,65.0,49.0,,100
536,WL536Frame0,41,95,94,100.0,86.0,115.0,123.0,141.0,145.0,237.0,53.0,68.0,59.0,58.0,76.0,,136
537,WL537Frame0,42,58,63,78.0,73.0,95.0,92.0,135.0,176.0,205.0,71.0,66.0,53.0,77.0,70.0,,100
538,WL538Frame0,35,79,61,63.0,60.0,74.0,82.0,99.0,151.0,194.0,63.0,68.0,39.0,63.0,68.0,,114
539,WL539Frame0,36,58,58,62.0,52.0,64.0,85.0,94.0,157.0,139.0,53.0,67.0,65.0,65.0,61.0,,94
540,WL540Frame0,21,76,86,125.0,83.0,106.0,125.0,128.0,186.0,202.0,71.0,69.0,50.0,60.0,70.0,,97
541,WL541Frame0,44,78,66,76.0,71.0,78.0,82.0,136.0,158.0,184.0,72.0,65.0,63.0,64.0,73.0,,122
542,WL542Frame0,37,74,60,65.0,59.0,92.0,80.0,99.0,147.0,170.0,69.0,63.0,46.0,86.0,76.0,,111
543,WL543Frame0,38,56,48,55.0,60.0,79.0,79.0,99.0,165.0,163.0,64.0,73.0,39.0,56.0,70.0,,94
544,WL544Frame0,37,78,92,106.0,81.0,114.0,114.0,133.0,178.0,217.0,69.0,60.0,60.0,68.0,56.0,,115
545,WL545Frame0,43,62,78,69.0,72.0,100.0,133.0,119.0,172.0,182.0,66.0,60.0,53.0,78.0,58.0,,105
546,WL546Frame0,44,65,62,73.0,70.0,78.0,103.0,124.0,150.0,200.0,58.0,67.0,55.0,86.0,67.0,,109
547,WL547Frame0,45,51,59,66.0,55.0,82.0,86.0,127.0,162.0,148.0,58.0,52.0,57.0,75.0,68.0,,96
548,WL548Frame0,42,88,89,98.0,87.0,101.0,118.0,143.0,195.0,237.0,76.0,78.0,62.0,88.0,79.0,,130
549,WL549Frame0,38,71,63,74.0,67.0,95.0,157.0,143.0,179.0,182.0,65.0,61.0,59.0,85.0,88.0,,109
550,WL550Frame0,42,66,71,77.0,51.0,79.0,113.0,117.0,157.0,181.0,60.0,69.0,54.0,79.0,84.0,,108
551,WL551Frame0,44,55,56,59.0,52.0,90.0,89.0,130.0,165.0,172.0,48.0,67.0,54.0,62.0,78.0,,99
552,WL552Frame0,50,106,123,111.0,70.0,113.0,147.0,171.0,180.0,211.0,65.0,70.0,64.0,80.0,88.0,,156
553,WL553Frame0,32,96,78,82.0,82.0,77.0,130.0,137.0,173.0,179.0,61.0,61.0,64.0,75.0,90.0,,128
554,WL554Frame0,38,72,67,72.0,62.0,67.0,119.0,110.0,177.0,197.0,73.0,78.0,54.0,91.0,55.0,,110
555,WL555Frame0,32,66,80,49.0,65.0,78.0,93.0,127.0,192.0,195.0,58.0,47.0,51.0,62.0,72.0,,98
556,WL556Frame0,43,106,88,121.0,92.0,122.0,164.0,146.0,191.0,243.0,55.0,68.0,56.0,69.0,56.0,,149
557,WL557Frame0,27,60,81,87.0,84.0,77.0,128.0,175.0,181.0,200.0,50.0,74.0,58.0,85.0,68.0,,87
558,WL558Frame0,36,59,62,74.0,66.0,94.0,106.0,125.0,177.0,178.0,63.0,57.0,63.0,74.0,74.0,,95
559,WL559Frame0,35,57,67,67.0,65.0,86.0,95.0,118.0,143.0,208.0,60.0,61.0,44.0,76.0,65.0,,92
560,WL560Frame0,28,91,104,111.0,90.0,111.0,174.0,176.0,177.0,259.0,97.0,50.0,65.0,80.0,87.0,,119
561,WL561Frame0,42,78,80,90.0,65.0,113.0,123.0,138.0,152.0,189.0,66.0,68.0,45.0,84.0,73.0,,120
562,WL562Frame0,37,63,72,72.0,51.0,72.0,97.0,124.0,159.0,187.0,58.0,70.0,46.0,65.0,86.0,,100
563,WL563Frame0,35,47,62,67.0,62.0,72.0,107.0,129.0,194.0,169.0,63.0,65.0,45.0,80.0,75.0,,82
564,WL564Frame0,32,88,110,121.0,81.0,114.0,153.0,197.0,201.0,258.0,62.0,69.0,79.0,72.0,74.0,,120
565,WL565Frame0,42,71,83,79.0,55.0,92.0,134.0,138.0,187.0,207.0,82.0,61.0,63.0,88.0,71.0,,113
566,WL566Frame0,33,65,54,69.0,65.0,92.0,90.0,119.0,168.0,198.0,73.0,68.0,56.0,76.0,70.0,,98
567,WL567Frame0,38,55,60,63.0,68.0,74.0,109.0,152.0,163.0,172.0,69.0,63.0,59.0,100.0,81.0,,93
568,WL568Frame0,32,88,84,94.0,82.0,107.0,152.0,165.0,195.0,257.0,77.0,87.0,80.0,72.0,76.0,,120
569,WL569Frame0,40,55,78,81.0,68.0,88.0,137.0,134.0,169.0,182.0,68.0,73.0,70.0,80.0,72.0,,95
570,WL570Frame0,26,54,64,70.0,65.0,85.0,99.0,141.0,163.0,175.0,57.0,70.0,61.0,87.0,76.0,,80
571,WL571Frame0,38,57,56,75.0,60.0,75.0,109.0,99.0,173.0,185.0,48.0,51.0,56.0,77.0,70.0,,95
572,WL572Frame0,35,76,82,86.0,90.0,110.0,153.0,181.0,192.0,234.0,90.0,67.0,50.0,108.0,74.0,,111
573,WL573Frame0,21,59,74,88.0,78.0,78.0,126.0,155.0,190.0,213.0,66.0,68.0,64.0,76.0,75.0,,80
574,WL574Frame0,41,55,72,59.0,64.0,81.0,100.0,132.0,162.0,179.0,73.0,65.0,66.0,86.0,75.0,,96
575,WL575Frame0,38,58,48,79.0,69.0,76.0,100.0,114.0,168.0,128.0,64.0,42.0,62.0,71.0,86.0,,96
576,WL576Frame0,33,87,97,98.0,80.0,115.0,167.0,166.0,193.0,223.0,62.0,72.0,65.0,76.0,84.0,,120
577,WL577Frame0,33,62,68,70.0,78.0,98.0,131.0,132.0,186.0,216.0,57.0,59.0,60.0,69.0,63.0,,95
578,WL578Frame0,36,55,48,78.0,67.0,113.0,108.0,114.0,168.0,195.0,67.0,48.0,47.0,72.0,59.0,,91
579,WL579Frame0,32,66,47,60.0,59.0,80.0,88.0,121.0,182.0,171.0,50.0,67.0,48.0,57.0,76.0,,98
580,WL580Frame0,33,85,80,111.0,75.0,123.0,141.0,191.0,182.0,191.0,69.0,68.0,58.0,78.0,74.0,,118
581,WL581Frame0,40,64,64,82.0,72.0,95.0,113.0,132.0,157.0,190.0,55.0,61.0,57.0,77.0,82.0,,104
582,WL582Frame0,45,62,58,82.0,64.0,74.0,87.0,125.0,174.0,145.0,58.0,66.0,57.0,80.0,74.0,,107
583,WL583Frame0,50,63,51,63.0,53.0,67.0,102.0,95.0,144.0,167.0,50.0,77.0,56.0,61.0,95.0,,113
584,WL584Frame0,42,78,106,105.0,86.0,111.0,146.0,173.0,195.0,230.0,65.0,72.0,57.0,84.0,72.0,,120
585,WL585Frame0,29,76,60,75.0,73.0,83.0,138.0,165.0,187.0,175.0,64.0,63.0,71.0,89.0,82.0,,105
586,WL586Frame0,39,71,60,83.0,50.0,83.0,106.0,132.0,152.0,171.0,66.0,53.0,64.0,71.0,83.0,,110
587,WL587Frame0,37,63,57,57.0,59.0,75.0,114.0,120.0,170.0,148.0,53.0,61.0,66.0,68.0,68.0,,100
588,WL588Frame0,33,94,93,104.0,63.0,97.0,141.0,163.0,204.0,237.0,60.0,69.0,78.0,80.0,70.0,,127
589,WL589Frame0,48,66,66,87.0,85.0,101.0,131.0,145.0,154.0,196.0,54.0,59.0,56.0,67.0,72.0,,114
590,WL590Frame0,33,56,63,76.0,66.0,81.0,125.0,113.0,169.0,196.0,79.0,60.0,51.0,74.0,69.0,,89
591,WL591Frame0,39,53,64,57.0,58.0,76.0,117.0,120.0,167.0,166.0,55.0,61.0,54.0,63.0,73.0,,92
592,WL592Frame0,46,71,86,109.0,87.0,111.0,139.0,159.0,189.0,229.0,72.0,70.0,85.0,76.0,79.0,,117
593,WL593Frame0,42,70,74,84.0,66.0,101.0,129.0,153.0,209.0,177.0,46.0,73.0,61.0,70.0,64.0,,112
594,WL594Frame0,40,46,58,61.0,44.0,79.0,109.0,116.0,185.0,154.0,63.0,63.0,60.0,78.0,81.0,,86
595,WL595Frame0,51,58,47,75.0,46.0,75.0,93.0,110.0,178.0,138.0,55.0,58.0,63.0,65.0,62.0,,109
596,WL596Frame0,37,89,85,99.0,89.0,117.0,148.0,172.0,188.0,198.0,53.0,61.0,67.0,75.0,61.0,,126
597,WL597Frame0,29,81,72,72.0,64.0,83.0,142.0,117.0,177.0,192.0,71.0,64.0,63.0,69.0,65.0,,110
598,WL598Frame0,43,52,56,64.0,67.0,73.0,90.0,115.0,170.0,165.0,64.0,57.0,50.0,53.0,76.0,,95
599,WL599Frame0,40,58,53,73.0,50.0,73.0,99.0,101.0,147.0,143.0,49.0,59.0,60.0,85.0,61.0,,98
600,WL600Frame0,31,101,95,97.0,86.0,103.0,152.0,151.0,177.0,218.0,69.0,69.0,52.0,76.0,77.0,,132
601,WL601Frame0,42,75,58,69.0,65.0,84.0,123.0,135.0,178.0,173.0,74.0,60.0,46.0,65.0,90.0,,117
602,WL602Frame0,41,56,59,72.0,65.0,79.0,104.0,126.0,178.0,172.0,55.0,65.0,47.0,72.0,65.0,,97
603,WL603Frame0,34,55,54,71.0,53.0,72.0,97.0,115.0,147.0,138.0,59.0,49.0,54.0,74.0,82.0,,89
604,WL604Frame0,46,81,93,86.0,74.0,96.0,146.0,152.0,182.0,207.0,65.0,54.0,64.0,64.0,66.0,,127
605,WL605Frame0,36,68,79,80.0,70.0,87.0,116.0,115.0,181.0,160.0,77.0,54.0,49.0,77.0,82.0,,104
606,WL606Frame0,41,60,49,66.0,55.0,90.0,96.0,124.0,165.0,151.0,56.0,77.0,57.0,71.0,72.0,,101
607,WL607Frame0,37,40,49,52.0,53.0,74.0,103.0,123.0,180.0,148.0,48.0,50.0,65.0,75.0,69.0,,77
608,WL608Frame0,34,65,90,82.0,77.0,105.0,99.0,131.0,193.0,197.0,53.0,64.0,64.0,73.0,65.0,,99
609,WL609Frame0,33,62,65,77.0,64.0,95.0,116.0,129.0,190.0,175.0,55.0,55.0,61.0,69.0,71.0,,95
610,WL610Frame0,27,59,41,76.0,70.0,65.0,99.0,113.0,168.0,152.0,67.0,62.0,81.0,75.0,63.0,,86
611,WL611Frame0,41,55,61,54.0,67.0,73.0,88.0,106.0,186.0,139.0,62.0,48.0,52.0,60.0,70.0,,96
612,WL612Frame0,28,58,96,78.0,65.0,107.0,139.0,149.0,210.0,190.0,51.0,61.0,60.0,62.0,50.0,,86
613,WL613Frame0,38,65,54,79.0,63.0,96.0,88.0,125.0,168.0,172.0,73.0,60.0,57.0,68.0,61.0,,103
614,WL614Frame0,31,52,54,81.0,52.0,74.0,115.0,110.0,162.0,154.0,62.0,62.0,50.0,49.0,60.0,,83
615,WL615Frame0,41,57,51,66.0,69.0,66.0,97.0,88.0,165.0,137.0,53.0,50.0,62.0,65.0,69.0,,98
616,WL616Frame0,47,65,56,86.0,68.0,89.0,129.0,127.0,194.0,201.0,73.0,57.0,63.0,70.0,59.0,,112
617,WL617Frame0,49,60,63,64.0,54.0,83.0,110.0,122.0,179.0,171.0,58.0,54.0,64.0,71.0,67.0,,109
618,WL618Frame0,38,68,48,50.0,47.0,86.0,89.0,110.0,175.0,175.0,69.0,67.0,53.0,68.0,68.0,,106
619,WL619Frame0,35,63,51,51.0,66.0,80.0,73.0,92.0,190.0,136.0,67.0,65.0,55.0,62.0,64.0,,98
620,WL620Frame0,41,74,70,70.0,72.0,96.0,105.0,137.0,178.0,163.0,63.0,61.0,49.0,56.0,63.0,,115
621,WL621Frame0,37,59,48,56.0,74.0,92.0,96.0,134.0,182.0,128.0,45.0,56.0,51.0,73.0,66.0,,96
622,WL622Frame0,45,57,59,69.0,55.0,70.0,80.0,96.0,154.0,144.0,57.0,61.0,63.0,81.0,51.0,,102
623,WL623Frame0,32,54,57,68.0,58.0,69.0,75.0,99.0,133.0,153.0,50.0,51.0,46.0,68.0,69.0,,86
624,WL624Frame0,41,51,72,77.0,63.0,86.0,107.0,128.0,168.0,167.0,65.0,47.0,53.0,70.0,82.0,,92
625,WL625Frame0,37,56,53,68.0,68.0,75.0,93.0,110.0,168.0,168.0,53.0,60.0,59.0,54.0,56.0,,93
626,WL626Frame0,30,52,45,68.0,69.0,73.0,115.0,114.0,158.0,149.0,50.0,64.0,53.0,56.0,68.0,,82
627,WL627Frame0,34,53,47,56.0,56.0,78.0,87.0,100.0,167.0,115.0,58.0,66.0,58.0,65.0,63.0,,87
628,WL628Frame0,36,62,70,92.0,71.0,95.0,113.0,142.0,161.0,146.0,53.0,58.0,50.0,72.0,69.0,,98
629,WL629Frame0,35,67,68,60.0,56.0,67.0,91.0,120.0,162.0,125.0,59.0,50.0,55.0,63.0,80.0,,102
630,WL630Frame0,52,45,59,60.0,49.0,75.0,103.0,106.0,147.0,137.0,52.0,65.0,56.0,72.0,62.0,,97
631,WL631Frame0,41,50,52,70.0,52.0,73.0,82.0,106.0,185.0,127.0,63.0,45.0,41.0,64.0,62.0,,91
632,WL632Frame0,38,79,59,84.0,68.0,77.0,109.0,127.0,199.0,150.0,53.0,48.0,49.0,72.0,63.0,,117
633,WL633Frame0,38,71,63,85.0,44.0,93.0,86.0,110.0,177.0,147.0,55.0,61.0,53.0,60.0,66.0,,109
634,WL634Frame0,50,59,56,59.0,55.0,71.0,113.0,88.0,154.0,135.0,52.0,65.0,50.0,69.0,55.0,,109
635,WL635Frame0,45,65,60,59.0,52.0,79.0,92.0,97.0,164.0,115.0,55.0,51.0,42.0,66.0,68.0,,110
636,WL636Frame0,37,48,56,71.0,65.0,86.0,104.0,115.0,184.0,169.0,60.0,63.0,52.0,59.0,58.0,,85
637,WL637Frame0,39,57,56,71.0,57.0,97.0,103.0,101.0,156.0,141.0,50.0,47.0,55.0,63.0,60.0,,96
638,WL638Frame0,37,59,59,50.0,51.0,67.0,73.0,97.0,166.0,125.0,48.0,74.0,46.0,61.0,49.0,,96
639,WL639Frame0,38,46,48,54.0,56.0,73.0,89.0,95.0,155.0,129.0,51.0,73.0,49.0,53.0,62.0,,84
640,WL640Frame0,34,66,52,86.0,49.0,82.0,130.0,131.0,175.0,130.0,60.0,53.0,67.0,52.0,56.0,,100
641,WL641Frame0,40,42,62,46.0,52.0,59.0,78.0,121.0,182.0,139.0,51.0,64.0,45.0,61.0,60.0,,82
642,WL642Frame0,35,36,52,48.0,51.0,67.0,84.0,97.0,178.0,133.0,56.0,51.0,56.0,56.0,60.0,,71
643,WL643Frame0,32,48,38,52.0,50.0,76.0,81.0,98.0,166.0,144.0,54.0,67.0,57.0,67.0,60.0,,80
644,WL644Frame0,50,54,95,61.0,57.0,79.0,102.0,96.0,171.0,128.0,66.0,56.0,60.0,54.0,64.0,,104
645,WL645Frame0,29,48,57,66.0,63.0,72.0,80.0,118.0,157.0,157.0,56.0,57.0,43.0,68.0,50.0,,77
646,WL646Frame0,46,44,55,58.0,48.0,82.0,79.0,107.0,161.0,138.0,59.0,57.0,47.0,60.0,56.0,,90
647,WL647Frame0,41,56,39,50.0,55.0,52.0,94.0,99.0,149.0,116.0,62.0,50.0,46.0,70.0,52.0,,97
648,WL648Frame0,43,64,64,92.0,57.0,75.0,102.0,115.0,173.0,153.0,62.0,58.0,50.0,71.0,60.0,,107
649,WL649Frame0,36,66,60,75.0,60.0,81.0,93.0,109.0,163.0,125.0,56.0,58.0,63.0,61.0,69.0,,102
650,WL650Frame0,42,62,56,56.0,54.0,57.0,83.0,95.0,158.0,102.0,44.0,48.0,47.0,61.0,64.0,,104
651,WL651Frame0,50,58,65,63.0,50.0,73.0,68.0,84.0,165.0,109.0,51.0,56.0,42.0,58.0,63.0,,108
652,WL652Frame0,43,67,54,77.0,49.0,86.0,113.0,145.0,174.0,158.0,67.0,48.0,54.0,43.0,79.0,,110
653,WL653Frame0,31,66,59,69.0,56.0,72.0,78.0,141.0,155.0,138.0,64.0,54.0,39.0,57.0,62.0,,97
654,WL654Frame0,40,58,58,66.0,48.0,56.0,103.0,111.0,147.0,116.0,53.0,60.0,41.0,57.0,51.0,,98
655,WL655Frame0,46,68,52,64.0,56.0,59.0,74.0,66.0,149.0,96.0,57.0,60.0,55.0,45.0,60.0,,114
656,WL656Frame0,42,69,50,72.0,69.0,93.0,97.0,97.0,174.0,129.0,66.0,43.0,66.0,58.0,64.0,,111
657,WL657Frame0,46,56,56,73.0,57.0,65.0,88.0,94.0,155.0,103.0,65.0,56.0,55.0,45.0,59.0,,102
658,WL658Frame0,45,58,49,61.0,70.0,74.0,64.0,94.0,159.0,112.0,58.0,61.0,41.0,40.0,60.0,,103
659,WL659Frame0,30,49,42,60.0,53.0,73.0,73.0,108.0,143.0,99.0,66.0,52.0,42.0,63.0,57.0,,79
660,WL660Frame0,44,68,80,69.0,64.0,98.0,155.0,197.0,168.0,358.0,69.0,85.0,94.0,107.0,113.0,,112
661,WL661Frame0,47,65,56,85.0,59.0,69.0,126.0,128.0,168.0,289.0,74.0,59.0,91.0,110.0,132.0,,112
662,WL662Frame0,45,45,46,71.0,54.0,57.0,124.0,124.0,181.0,242.0,81.0,70.0,94.0,126.0,100.0,,90
663,WL663Frame0,33,35,59,54.0,54.0,71.0,98.0,141.0,169.0,230.0,63.0,67.0,71.0,130.0,127.0,,68
664,WL664Frame0,35,61,79,78.0,70.0,82.0,124.0,148.0,180.0,281.0,89.0,76.0,87.0,103.0,126.0,,96
665,WL665Frame0,45,68,53,62.0,63.0,70.0,105.0,123.0,144.0,224.0,67.0,67.0,105.0,102.0,102.0,,113
666,WL666Frame0,41,50,68,61.0,48.0,66.0,77.0,119.0,163.0,202.0,52.0,47.0,91.0,84.0,92.0,,91
667,WL667Frame0,36,43,55,58.0,62.0,69.0,92.0,119.0,145.0,191.0,61.0,65.0,79.0,90.0,92.0,,79
668,WL668Frame0,38,63,57,73.0,54.0,87.0,111.0,147.0,157.0,261.0,43.0,71.0,87.0,108.0,112.0,,101
669,WL669Frame0,42,62,60,74.0,42.0,82.0,122.0,145.0,168.0,222.0,68.0,66.0,88.0,91.0,104.0,,104
670,WL670Frame0,41,57,56,69.0,49.0,56.0,104.0,113.0,157.0,164.0,64.0,58.0,77.0,96.0,103.0,,98
671,WL671Frame0,39,48,63,58.0,45.0,60.0,99.0,91.0,153.0,194.0,62.0,62.0,68.0,97.0,88.0,,87
672,WL672Frame0,31,55,58,64.0,66.0,79.0,131.0,133.0,151.0,246.0,67.0,62.0,85.0,110.0,98.0,,86
673,WL673Frame0,39,44,51,61.0,54.0,67.0,94.0,127.0,158.0,224.0,59.0,51.0,80.0,105.0,115.0,,83
674,WL674Frame0,41,49,68,64.0,50.0,66.0,90.0,95.0,158.0,198.0,57.0,59.0,77.0,105.0,97.0,,90
675,WL675Frame0,31,53,47,57.0,61.0,71.0,84.0,96.0,152.0,160.0,62.0,67.0,73.0,77.0,102.0,,84
676,WL676Frame0,34,53,62,74.0,63.0,68.0,113.0,115.0,163.0,222.0,65.0,64.0,72.0,84.0,108.0,,87
677,WL677Frame0,28,49,54,62.0,58.0,54.0,100.0,108.0,156.0,187.0,70.0,60.0,76.0,90.0,103.0,,77
678,WL678Frame0,29,43,68,63.0,55.0,55.0,78.0,97.0,143.0,166.0,61.0,53.0,62.0,100.0,101.0,,72
679,WL679Frame0,32,42,53,59.0,50.0,62.0,79.0,109.0,141.0,148.0,47.0,63.0,82.0,96.0,109.0,,74
680,WL680Frame0,45,57,44,54.0,44.0,74.0,89.0,140.0,155.0,194.0,67.0,61.0,71.0,94.0,90.0,,102
681,WL681Frame0,45,47,61,58.0,53.0,57.0,95.0,112.0,153.0,167.0,55.0,52.0,77.0,107.0,80.0,,92
682,WL682Frame0,38,38,53,68.0,48.0,70.0,84.0,100.0,149.0,179.0,56.0,72.0,76.0,91.0,87.0,,76
683,WL683Frame0,42,43,55,70.0,59.0,72.0,92.0,99.0,144.0,198.0,54.0,56.0,78.0,90.0,93.0,,85
684,WL684Frame0,39,60,46,57.0,37.0,72.0,113.0,128.0,169.0,184.0,49.0,55.0,74.0,82.0,94.0,,99
685,WL685Frame0,39,49,49,59.0,47.0,69.0,85.0,95.0,151.0,180.0,66.0,64.0,78.0,67.0,99.0,,88
686,WL686Frame0,32,46,53,58.0,59.0,55.0,89.0,111.0,158.0,172.0,60.0,51.0,62.0,82.0,97.0,,78
687,WL687Frame0,33,37,45,60.0,40.0,61.0,92.0,89.0,173.0,169.0,43.0,61.0,72.0,80.0,91.0,,70
688,WL688Frame0,36,54,49,61.0,62.0,61.0,87.0,99.0,155.0,208.0,55.0,49.0,64.0,86.0,100.0,,90
689,WL689Frame0,38,42,40,52.0,55.0,62.0,102.0,105.0,165.0,146.0,70.0,60.0,70.0,76.0,98.0,,80
690,WL690Frame0,37,46,54,47.0,42.0,89.0,89.0,97.0,150.0,145.0,55.0,56.0,67.0,84.0,88.0,,83
691,WL691Frame0,34,47,43,50.0,50.0,59.0,83.0,102.0,134.0,154.0,50.0,56.0,61.0,80.0,91.0,,81
692,WL692Frame0,33,41,53,68.0,57.0,72.0,91.0,112.0,160.0,151.0,54.0,55.0,77.0,81.0,80.0,,74
693,WL693Frame0,37,51,61,51.0,45.0,62.0,80.0,92.0,139.0,149.0,72.0,54.0,74.0,68.0,69.0,,88
694,WL694Frame0,35,54,53,65.0,55.0,56.0,81.0,103.0,150.0,156.0,46.0,55.0,61.0,69.0,100.0,,89
695,WL695Frame0,38,45,51,51.0,57.0,58.0,79.0,93.0,147.0,119.0,47.0,50.0,61.0,88.0,94.0,,83
696,WL696Frame0,39,60,50,55.0,50.0,72.0,100.0,113.0,137.0,166.0,51.0,53.0,69.0,78.0,93.0,,99
697,WL697Frame0,39,46,46,65.0,62.0,53.0,72.0,124.0,125.0,149.0,63.0,54.0,64.0,91.0,97.0,,85
698,WL698Frame0,36,46,53,54.0,67.0,61.0,78.0,98.0,158.0,143.0,51.0,61.0,60.0,81.0,93.0,,82
699,WL699Frame0,25,44,43,43.0,41.0,62.0,69.0,109.0,147.0,129.0,74.0,61.0,64.0,97.0,81.0,,69
700,WL700Frame0,44,45,58,48.0,60.0,65.0,98.0,133.0,145.0,143.0,51.0,69.0,66.0,72.0,95.0,,89
701,WL701Frame0,32,54,61,45.0,47.0,48.0,94.0,87.0,157.0,130.0,61.0,50.0,59.0,87.0,78.0,,86
702,WL702Frame0,38,49,43,64.0,49.0,52.0,60.0,88.0,140.0,126.0,64.0,47.0,67.0,74.0,85.0,,87
703,WL703Frame0,47,49,46,43.0,60.0,63.0,79.0,94.0,148.0,112.0,53.0,48.0,73.0,75.0,86.0,,96
704,WL704Frame0,38,55,54,46.0,40.0,77.0,90.0,86.0,151.0,128.0,59.0,33.0,68.0,63.0,57.0,,93
705,WL705Frame0,32,52,62,62.0,46.0,46.0,68.0,94.0,150.0,88.0,49.0,60.0,43.0,51.0,79.0,,84
706,WL706Frame0,33,63,52,63.0,40.0,48.0,71.0,81.0,134.0,113.0,43.0,52.0,49.0,75.0,62.0,,96
707,WL707Frame0,31,54,43,49.0,42.0,55.0,52.0,85.0,146.0,95.0,61.0,46.0,72.0,71.0,66.0,,85
708,WL708Frame0,147,225,144,,,,,,,,,,,,,,372
709,WL709Frame0,201,153,147,,,,,,,,,,,,,,354
710,WL710Frame0,127,217,162,,,,,,,,,,,,,,344
711,WL711Frame0,189,168,151,,,,,,,,,,,,,,357
